80 30
8 21 1 182 13 172 24 196 6 128 22 85 10 8 29 29 28 155 21 8 14 132 12 24 0 153 23 17 7 114 18 77 3 166 4 118 19 69 26 121 2 96 27 76 20 34 11 40 16 4 9 89 15 140 17 186 25 48 5 179 
20 31 14 71 0 31 10 154 9 46 27 19 23 181 4 14 25 197 6 192 5 33 19 183 7 49 22 94 21 20 24 7 28 171 8 29 13 150 2 181 11 19 16 54 1 19 17 169 29 192 3 34 15 100 12 97 18 56 26 50 
5 97 1 147 22 89 19 135 17 36 23 171 0 83 14 90 27 136 4 70 8 45 24 24 3 170 26 196 13 43 11 114 7 160 25 124 28 6 18 197 16 75 2 124 29 194 20 35 6 149 9 97 15 90 21 37 12 53 10 39 
9 24 29 81 13 180 25 2 18 14 7 127 26 118 4 24 14 139 2 67 3 99 0 103 23 111 28 1 8 2 21 136 5 140 19 119 10 68 6 185 11 121 20 117 15 55 24 131 27 150 16 101 22 78 12 161 1 87 17 95 
24 120 17 156 8 109 27 163 4 39 29 126 0 75 5 66 19 27 25 92 9 182 16 188 26 60 10 136 18 122 2 115 13 119 1 196 15 149 7 47 20 75 3 52 21 158 14 2 22 2 28 38 6 29 12 173 23 65 11 17 
6 39 22 116 8 141 7 29 12 92 26 99 9 79 5 156 24 181 11 161 28 124 16 175 1 127 19 110 4 51 0 179 3 153 18 153 20 79 15 166 27 138 17 81 21 185 29 183 13 116 23 54 2 176 25 180 14 186 10 12 
27 85 15 110 13 151 11 111 21 87 18 127 14 97 23 60 9 169 12 173 26 92 1 23 8 117 0 61 16 173 20 28 19 10 6 156 10 29 2 6 28 101 17 4 25 150 5 192 3 38 29 35 22 52 7 42 24 137 4 8 
19 57 16 135 2 101 8 140 18 126 25 36 13 72 9 34 28 143 17 103 21 90 27 196 26 192 7 61 23 25 22 15 10 198 24 3 15 1 12 20 6 89 29 110 0 52 14 184 4 89 11 143 20 109 1 91 5 170 3 33 
19 98 16 113 8 54 0 128 26 92 9 134 6 160 13 162 1 57 4 8 15 27 20 49 24 127 28 163 3 196 14 23 17 122 22 186 21 40 18 194 2 171 25 47 5 18 23 49 7 24 12 91 29 190 27 73 11 28 10 74 
4 124 23 153 17 68 21 7 16 169 9 200 26 44 6 140 0 59 14 81 12 157 13 149 10 175 15 192 29 192 3 52 18 10 27 100 24 87 25 20 1 99 8 14 28 102 11 84 7 69 2 109 22 188 5 153 20 136 19 78 
25 117 3 63 16 8 19 167 11 174 7 124 8 160 10 183 27 5 21 194 13 120 2 76 26 164 6 145 4 124 12 173 9 140 29 47 15 55 14 124 24 79 5 54 17 100 28 88 18 199 22 86 1 3 23 50 20 70 0 178 
18 26 2 82 29 100 8 195 15 165 23 5 3 102 24 156 6 184 1 127 27 167 11 38 28 8 22 179 16 141 12 6 5 114 7 145 10 122 9 146 21 189 19 167 26 54 14 65 17 57 25 76 20 128 13 144 0 3 4 53 
0 163 22 177 19 103 14 11 9 66 6 126 12 184 5 181 8 73 18 68 27 35 2 134 11 139 10 111 3 25 24 102 7 110 28 173 23 36 26 64 13 102 17 7 29 121 25 198 16 170 4 93 21 158 15 57 20 180 1 37 
13 93 1 95 24 1 17 78 19 17 8 28 3 127 20 174 9 109 14 196 15 12 2 50 27 34 10 117 4 168 28 47 11 132 25 36 7 104 23 123 5 98 16 26 0 192 22 163 21 171 26 51 6 28 12 34 29 67 18 192 
25 36 2 187 6 172 0 184 16 24 4 49 18 21 1 44 11 92 13 187 5 12 28 179 23 96 3 48 22 59 24 145 26 9 15 85 20 74 8 139 12 167 14 21 7 14 19 55 10 171 29 35 9 140 17 91 27 137 21 9 
4 29 16 12 14 89 26 68 1 131 0 23 9 161 10 92 23 126 12 48 7 74 17 165 25 74 8 27 20 138 5 137 11 55 13 107 29 188 15 22 24 126 6 102 22 139 27 18 3 177 19 178 21 138 28 15 2 73 18 110 
22 58 26 198 1 175 14 94 5 177 0 160 17 141 13 7 11 7 6 67 3 171 7 185 10 68 24 168 25 63 21 162 2 139 9 189 8 153 16 56 18 45 27 79 15 151 4 47 19 36 29 112 20 42 12 3 23 173 28 28 
17 63 20 187 23 89 2 138 21 77 8 135 25 138 4 191 10 197 7 102 19 178 3 85 28 66 11 49 18 146 6 195 26 159 9 31 22 20 13 99 12 159 5 50 16 136 14 9 1 124 15 199 24 199 27 162 0 65 29 30 
10 161 2 40 17 126 24 106 23 106 0 159 21 179 7 10 26 91 28 142 20 141 5 9 13 71 25 56 6 113 18 146 1 88 29 57 27 177 8 1 4 154 9 95 14 99 19 111 16 140 12 157 11 36 22 10 3 7 15 167 
21 97 17 179 19 132 2 18 1 139 6 101 11 16 20 54 13 42 9 75 12 75 3 157 14 186 23 149 29 164 28 200 16 4 22 19 25 121 15 123 26 98 8 166 10 152 27 65 18 128 24 64 4 183 7 10 0 167 5 175 
25 196 2 115 5 47 6 33 22 25 15 189 20 116 26 154 3 140 19 53 7 17 10 178 0 111 16 131 23 65 4 112 14 44 11 137 28 30 18 22 17 76 29 157 24 174 9 34 12 145 1 48 21 83 27 3 8 84 13 60 
14 93 20 113 0 107 9 84 4 156 24 133 6 89 5 104 12 157 25 81 26 170 8 101 29 30 18 147 2 151 10 68 28 197 16 109 27 153 17 50 11 158 15 22 23 160 21 77 22 98 1 99 19 67 3 197 7 8 13 74 
5 4 11 77 18 103 25 173 29 103 10 70 22 10 15 140 4 144 27 16 24 126 17 145 23 48 28 68 12 196 14 178 2 35 13 120 16 87 6 166 20 99 9 23 3 59 1 146 8 174 7 78 26 17 0 6 21 122 19 115 
2 32 25 29 5 127 20 191 17 58 13 108 11 88 10 27 16 140 9 146 23 140 19 88 12 129 22 116 29 60 18 114 27 167 24 120 26 174 6 195 1 22 3 115 14 138 4 4 7 68 8 95 28 71 21 19 15 86 0 80 
3 197 1 67 29 200 15 199 28 146 16 157 11 58 10 34 5 154 0 189 24 196 18 168 20 126 7 11 14 95 9 99 17 38 6 38 2 84 26 45 19 165 21 17 13 13 22 185 8 87 23 68 4 51 27 121 25 198 12 45 
14 84 4 159 7 28 21 178 26 9 15 16 18 126 8 111 24 54 29 174 19 30 1 181 6 22 28 129 16 45 10 153 3 150 27 170 0 124 12 30 2 94 20 40 5 66 23 143 11 64 25 89 9 184 22 154 13 152 17 136 
13 42 16 84 29 81 20 60 15 138 9 198 19 168 21 63 26 100 4 131 12 157 7 89 22 86 6 123 24 150 17 3 18 28 10 69 27 82 1 85 25 135 28 147 5 32 3 197 0 48 14 10 2 6 23 88 8 171 11 108 
22 175 1 139 20 117 7 187 5 200 6 200 17 175 21 41 12 142 15 200 8 71 4 8 29 197 25 171 2 196 14 28 13 163 24 87 23 106 9 167 3 110 11 173 19 149 0 196 26 88 10 68 18 5 27 118 16 76 28 114 
20 174 0 137 28 97 9 16 27 108 17 63 2 101 16 113 11 20 12 122 1 178 7 127 29 170 18 155 21 127 5 81 24 143 26 111 6 72 3 18 4 157 13 198 25 78 23 128 14 199 22 44 8 156 15 181 10 15 19 6 
18 7 20 194 23 92 6 26 14 198 27 143 11 175 15 188 17 62 3 92 12 110 22 129 1 188 24 9 25 85 19 180 10 173 26 136 29 139 9 110 8 181 16 17 2 168 13 110 7 49 4 96 0 49 21 174 28 144 5 82 
19 88 26 31 2 106 13 164 24 149 7 165 18 186 16 112 27 193 11 92 23 141 21 131 22 105 20 23 8 106 14 138 29 193 0 180 1 92 12 125 17 71 15 171 6 156 28 11 4 151 10 152 3 70 25 4 5 97 9 42 
28 161 17 192 29 78 1 13 20 176 6 177 18 56 12 161 16 50 3 187 8 65 27 119 24 25 22 74 4 160 2 50 0 134 14 112 5 112 10 38 7 148 9 5 23 181 26 103 15 70 21 28 25 58 19 55 13 76 11 30 
11 18 10 47 1 24 20 72 26 6 2 187 18 20 23 142 13 142 19 176 7 10 4 190 0 186 25 128 3 190 9 104 22 184 28 89 14 170 12 171 27 25 5 82 16 61 24 93 8 69 29 35 6 189 21 176 15 64 17 131 
16 191 5 53 21 198 25 167 26 29 23 119 3 51 14 184 17 123 10 14 11 48 22 166 4 76 19 98 6 176 28 7 13 17 29 104 15 50 8 105 20 49 24 170 0 130 9 174 27 69 1 54 18 37 12 28 7 7 2 141 
7 128 17 115 2 39 12 133 22 27 21 31 6 70 26 117 9 62 8 197 11 53 20 75 14 84 13 88 27 98 19 178 4 116 23 168 24 183 29 77 10 163 3 59 5 134 0 29 1 30 16 32 25 13 18 75 28 3 15 78 
16 99 27 14 26 169 23 119 8 149 1 161 21 34 3 14 15 130 10 30 2 109 19 108 25 87 5 139 6 190 7 149 12 125 14 131 11 79 20 37 18 54 0 144 22 14 28 31 9 106 17 8 13 2 24 38 4 110 29 33 
8 198 18 24 1 167 21 155 7 108 26 58 17 50 6 71 12 35 14 195 19 175 10 134 2 48 24 54 9 15 15 64 23 186 13 97 27 192 16 18 25 95 4 39 0 47 22 181 5 47 11 48 3 181 28 144 20 160 29 132 
14 64 26 140 18 95 13 21 21 161 10 30 5 99 3 25 16 65 23 98 22 30 24 183 29 104 4 123 27 105 8 139 7 197 2 52 6 163 12 198 1 166 9 36 15 4 17 136 19 148 25 162 20 54 0 73 11 155 28 82 
3 43 22 141 15 38 7 179 11 59 29 99 16 8 12 29 14 150 2 135 26 145 6 151 27 142 24 200 0 61 19 65 1 77 25 32 13 146 21 91 20 13 17 144 28 61 10 161 23 165 9 76 18 108 5 3 4 60 8 64 
16 172 27 117 24 31 14 99 1 40 23 70 19 86 6 72 5 143 28 77 20 30 17 4 21 111 12 85 9 56 29 157 0 137 8 103 13 18 26 74 15 92 22 176 4 52 7 39 3 157 2 37 25 16 10 96 18 49 11 172 
1 118 6 22 17 53 19 107 20 29 21 87 25 13 4 200 10 44 14 13 27 43 29 188 11 111 5 133 15 20 18 30 9 48 24 167 7 77 3 141 2 147 26 139 0 165 16 30 23 186 28 81 13 151 12 43 8 94 22 148 
22 56 24 42 13 109 25 146 0 34 17 127 27 7 12 84 16 69 18 182 28 68 2 159 23 4 20 68 21 177 5 93 8 44 11 152 4 103 29 143 26 94 1 72 14 40 7 39 10 116 3 64 15 114 6 182 19 128 9 79 
13 76 16 127 23 157 26 83 24 168 2 43 20 135 25 55 21 118 5 18 3 66 4 172 17 25 0 89 22 131 7 43 15 6 29 44 1 50 10 151 19 159 6 51 8 107 18 121 27 86 28 198 12 54 14 190 9 67 11 88 
3 146 27 92 21 60 18 70 10 121 16 107 12 82 25 133 1 39 0 103 6 148 8 145 5 120 26 96 14 52 24 113 17 106 20 11 29 142 9 151 23 124 2 129 19 69 7 67 22 90 4 89 13 183 28 54 15 54 11 164 
9 64 22 71 29 109 17 103 10 72 15 147 0 6 23 153 6 143 24 57 26 116 1 103 16 142 3 59 5 193 20 60 18 170 2 48 12 91 7 12 13 128 14 168 27 153 4 22 11 10 19 125 28 36 8 199 21 48 25 76 
18 27 12 10 2 18 6 136 28 17 9 63 7 72 19 34 5 89 20 88 23 47 0 126 15 24 1 57 3 73 14 66 26 190 24 193 10 30 8 153 25 13 13 123 21 124 17 120 29 18 11 26 22 156 16 128 4 58 27 100 
13 139 26 138 4 19 1 16 21 137 2 18 5 149 9 62 23 23 29 155 8 61 17 151 12 101 7 111 3 91 0 66 19 188 18 20 28 91 10 84 15 178 14 44 11 143 24 190 27 45 20 79 25 13 22 6 16 82 6 15 
14 183 24 120 12 6 22 196 27 188 23 57 6 116 29 107 25 161 11 135 7 41 28 159 9 152 4 164 21 109 15 141 0 31 8 137 26 180 16 100 10 72 20 43 19 144 2 158 18 130 5 13 3 142 13 191 17 26 1 7 
22 48 10 89 11 19 9 175 1 102 14 106 6 128 24 63 26 172 5 49 18 185 7 7 3 121 29 25 16 118 28 183 12 104 27 99 0 134 21 185 17 172 13 111 20 81 4 142 8 102 19 107 25 52 15 10 2 108 23 5 
26 4 10 141 28 153 6 46 15 66 14 134 4 27 11 96 17 14 8 166 23 65 1 31 2 39 18 46 5 181 16 66 21 89 25 125 7 109 20 92 13 40 19 166 22 70 0 159 9 147 12 187 27 20 24 5 29 49 3 185 
10 145 16 30 12 200 27 75 8 102 18 27 23 44 19 10 13 155 29 8 17 60 9 62 1 87 7 99 6 146 2 36 4 112 20 179 21 102 14 125 11 154 15 124 0 102 25 143 22 146 24 81 26 193 28 119 5 97 3 75 
28 45 13 74 1 7 10 139 29 83 20 38 12 89 9 88 18 50 19 191 17 84 21 126 16 80 15 188 7 17 0 82 25 186 2 54 23 126 3 124 26 84 8 138 4 168 5 88 6 124 27 160 22 197 24 180 14 88 11 95 
26 91 10 154 29 41 24 96 19 56 0 137 1 132 17 6 18 23 8 48 15 11 22 50 12 131 25 173 11 123 28 103 4 103 20 173 27 102 21 155 13 135 6 192 23 146 5 98 14 159 7 199 9 58 3 100 2 50 16 32 
9 7 21 137 7 123 22 95 6 46 13 155 27 116 14 63 4 3 24 87 20 16 2 99 15 153 23 150 12 37 16 1 29 122 0 154 11 56 3 2 19 198 8 116 1 91 25 59 26 182 17 48 28 71 5 40 10 37 18 197 
28 156 10 118 25 142 0 146 26 147 12 39 11 191 8 136 27 129 23 60 13 57 16 51 5 51 19 41 21 121 2 131 17 133 14 133 22 52 4 150 9 97 7 42 6 122 24 60 18 103 1 53 15 101 3 171 20 9 29 146 
26 169 16 49 22 34 3 104 7 174 12 5 8 137 18 140 2 14 4 182 29 10 0 127 28 80 21 111 14 162 20 38 10 89 5 155 19 46 17 129 11 68 13 61 24 128 6 77 1 65 27 26 25 11 15 70 23 177 9 28 
25 155 13 105 11 11 10 141 21 81 12 93 1 99 24 29 0 69 15 11 18 81 20 192 17 138 14 50 29 22 3 120 8 93 2 86 22 197 6 131 26 190 27 29 19 73 4 200 23 127 5 194 28 49 7 170 9 150 16 174 
10 66 2 55 3 5 0 71 15 174 25 152 13 158 11 57 21 46 28 146 29 157 7 167 24 110 22 142 20 47 19 31 4 199 5 144 26 186 16 59 27 182 23 191 6 58 9 12 17 107 8 61 12 52 18 115 14 195 1 93 
8 109 4 1 5 171 25 178 26 30 3 195 6 153 24 15 16 39 12 124 7 112 10 183 13 123 17 53 19 163 27 97 11 195 2 181 29 23 9 56 28 110 20 109 21 155 22 8 18 10 0 85 14 24 23 15 1 69 15 194 
16 4 13 123 27 46 29 26 9 160 14 11 12 96 8 158 26 70 21 174 22 32 15 121 4 185 20 191 25 93 3 132 10 60 11 145 24 59 0 45 6 106 7 158 2 128 18 93 17 168 5 188 19 154 23 40 1 108 28 55 
4 153 19 120 26 118 1 48 9 77 0 39 27 12 15 120 11 20 18 187 5 42 6 99 25 184 22 194 3 193 20 177 12 135 2 190 13 173 14 177 10 61 16 39 24 121 8 78 28 65 7 99 23 123 29 189 17 43 21 187 
18 140 9 162 19 97 6 159 12 101 22 31 4 20 2 94 8 99 1 70 0 174 28 67 27 6 16 187 17 67 7 40 26 50 20 151 25 68 21 170 5 157 14 54 10 82 15 180 13 13 24 138 11 15 23 34 29 171 3 26 
27 182 9 82 15 71 7 22 24 112 14 159 28 74 0 180 23 187 2 11 21 124 19 3 5 156 1 28 6 168 22 93 29 63 18 104 16 90 8 98 11 182 17 149 4 15 26 130 13 110 20 158 25 83 12 60 10 53 3 153 
8 81 24 127 2 37 11 29 10 180 12 151 6 147 3 110 16 46 29 42 22 195 15 24 4 170 13 6 17 16 23 133 5 146 28 172 25 79 20 56 21 65 1 166 18 163 9 96 26 126 7 193 0 133 14 63 27 89 19 134 
22 131 28 96 13 156 19 162 3 117 27 52 11 110 14 134 26 74 8 135 2 180 10 5 21 27 16 94 15 47 12 137 5 154 9 8 18 64 24 70 0 41 4 146 17 171 25 66 23 134 6 78 7 173 20 55 29 128 1 49 
13 41 28 71 11 75 20 20 2 63 1 37 3 169 19 181 25 111 17 130 14 23 5 7 15 136 7 34 4 124 21 16 26 169 24 51 10 68 0 128 6 14 27 179 8 41 18 198 22 169 23 60 12 64 16 46 9 177 29 190 
16 122 6 130 28 105 3 38 14 40 26 132 25 81 23 8 1 137 24 142 9 195 17 83 18 92 19 188 21 59 27 5 4 163 2 143 20 71 5 166 10 49 15 163 11 58 8 18 0 98 7 181 29 52 13 69 12 154 22 7 
20 29 18 52 13 89 16 179 22 111 24 54 0 42 21 79 23 129 28 23 11 148 25 38 9 155 8 178 6 3 2 82 29 161 3 79 14 36 15 186 17 196 12 47 4 138 26 145 5 49 1 87 7 116 19 68 10 188 27 199 
15 97 6 182 14 154 10 115 2 61 17 176 8 113 0 160 18 165 9 167 12 93 27 101 21 172 20 167 24 58 29 40 25 50 28 72 1 20 19 118 13 192 16 157 7 85 4 118 22 7 5 47 26 80 3 181 11 111 23 128 
19 131 10 157 14 6 0 185 12 91 5 166 25 131 29 185 11 67 16 57 17 161 2 16 28 106 13 75 18 86 15 104 23 51 1 112 3 65 20 156 7 12 22 115 4 24 21 4 26 104 8 23 27 27 6 23 9 114 24 167 
28 113 13 45 9 23 18 149 16 94 14 103 7 22 24 124 21 180 12 5 20 56 29 4 19 103 25 39 1 125 22 18 11 132 5 111 10 4 3 93 2 151 23 106 6 144 0 196 15 150 27 155 17 79 4 74 8 34 26 149 
2 141 0 56 24 77 17 195 5 151 21 171 22 46 20 71 6 147 26 110 28 19 10 54 9 49 13 141 4 185 18 153 29 51 3 81 19 136 16 158 23 175 15 49 27 116 25 45 12 31 7 20 1 176 8 138 11 183 14 88 
0 75 17 92 13 71 22 90 8 117 7 28 27 82 14 50 23 22 28 174 2 26 29 127 11 91 3 80 18 176 26 31 20 19 9 196 1 158 10 198 15 200 25 191 6 149 21 71 16 192 4 7 19 187 12 77 24 92 5 74 
20 60 7 175 26 58 24 147 16 96 5 1 21 112 6 140 17 145 13 98 14 39 29 19 1 170 4 58 11 48 15 6 12 12 3 70 27 103 22 30 2 30 28 93 25 85 0 11 19 156 23 83 8 119 10 97 18 84 9 132 
7 27 22 173 10 195 20 18 21 162 4 177 24 127 11 74 9 142 1 134 28 81 14 68 26 126 5 15 25 179 27 77 6 33 19 34 8 14 15 53 29 31 16 23 12 131 23 35 18 35 17 111 0 128 13 12 3 75 2 91 
5 70 14 81 3 197 25 134 6 34 26 30 18 3 27 12 16 128 7 56 4 42 24 179 23 153 28 10 2 152 10 175 22 127 17 125 20 111 15 17 0 8 21 149 13 171 11 11 19 101 12 89 29 103 8 36 9 90 1 57 
8 173 7 30 10 190 22 101 23 73 28 190 1 147 16 161 19 76 14 123 25 200 4 57 17 161 18 35 13 160 26 24 3 4 5 182 21 103 6 174 20 161 12 178 27 75 9 152 29 77 11 20 0 22 2 19 24 149 15 63 
12 97 25 9 21 143 13 156 20 196 0 5 27 123 15 100 3 187 24 70 8 180 18 40 7 96 28 149 29 96 9 102 10 64 26 130 5 191 16 153 14 102 22 85 23 97 4 131 11 168 1 122 19 126 17 149 2 40 6 131 
20 17 13 8 18 114 0 75 10 193 3 50 6 113 7 4 22 81 25 1 23 56 11 81 4 59 27 81 5 195 24 152 19 152 1 199 8 4 17 132 12 22 14 131 9 33 28 37 29 105 2 33 16 178 26 140 15 134 21 173 
15 30 26 118 6 57 21 193 27 47 18 104 16 175 25 116 4 103 24 83 7 88 3 26 1 99 2 85 17 172 19 25 23 144 12 149 8 200 9 175 0 94 13 113 22 112 10 185 20 129 28 20 5 63 14 107 29 178 11 68 

