90 35
19 189 29 77 20 84 24 32 31 189 9 47 34 58 27 93 21 174 25 7 13 171 26 18 30 117 3 166 15 2 4 114 23 180 7 125 2 191 28 174 32 120 17 129 5 136 8 131 33 169 11 135 1 189 14 160 18 163 10 42 12 189 0 30 22 199 6 183 16 115 
13 11 26 132 2 107 27 4 30 183 17 88 5 16 6 112 14 126 9 151 16 38 11 190 20 179 28 125 4 165 22 64 34 177 10 81 21 172 0 29 7 187 19 75 25 46 31 50 29 181 3 144 24 150 12 165 1 193 32 146 23 141 8 77 18 167 33 67 15 49 
10 79 27 16 8 153 9 190 3 72 28 72 15 84 22 151 5 196 23 181 20 191 12 188 17 4 32 66 19 108 24 32 29 198 11 20 1 114 33 47 21 113 14 170 2 41 13 111 25 118 4 62 18 144 31 125 26 108 6 140 16 75 7 177 34 154 0 40 30 83 
6 28 14 32 9 166 34 76 29 71 0 53 20 15 33 100 28 72 24 22 12 97 1 162 4 18 32 21 23 16 7 57 8 52 2 85 26 155 3 139 10 79 31 185 13 119 21 73 15 106 25 119 16 68 17 27 11 128 18 100 22 172 27 98 30 171 5 69 19 60 
33 102 27 147 30 146 14 30 8 103 34 46 22 72 24 169 15 110 32 117 7 45 16 189 2 23 5 74 11 125 1 131 20 186 26 107 4 175 23 83 29 12 21 178 25 33 31 99 0 198 28 61 6 180 17 169 19 51 13 16 12 127 3 23 9 107 10 100 18 122 
29 144 2 57 20 141 8 138 32 43 18 59 22 132 24 157 19 147 9 119 13 39 1 159 12 154 5 188 16 117 27 13 15 82 10 83 6 114 28 182 17 133 4 184 26 151 3 125 21 161 33 133 7 87 34 160 31 99 23 31 25 56 30 124 14 59 0 74 11 84 
28 76 19 120 15 61 6 12 7 33 22 19 5 141 26 74 21 61 23 155 9 104 18 131 0 107 25 118 12 31 10 111 24 191 4 49 3 146 16 22 2 108 17 11 13 13 33 144 8 126 32 75 1 37 30 124 27 163 14 106 29 89 34 157 31 84 20 69 11 155 
34 21 13 157 29 111 22 148 9 76 20 156 6 115 1 119 17 2 7 29 25 71 15 20 18 63 23 187 12 198 26 184 8 198 16 102 2 60 4 167 10 10 32 138 3 138 31 15 5 86 28 177 21 89 19 73 33 46 27 190 11 60 24 59 30 124 0 31 14 105 
22 54 31 85 1 85 7 185 2 106 3 141 11 65 34 50 33 155 16 105 0 83 24 109 13 191 12 103 21 32 28 114 15 48 29 103 27 86 23 125 32 157 4 79 8 20 20 99 26 141 17 150 6 76 18 74 25 106 30 118 14 152 9 194 19 120 5 68 10 191 
22 13 25 136 10 72 6 98 18 153 34 139 3 35 23 52 14 161 1 197 21 56 29 197 26 94 8 175 9 151 13 12 19 80 5 55 12 106 17 114 27 104 32 38 24 130 11 164 33 90 30 15 0 109 31 181 4 122 16 162 15 48 20 124 7 67 28 14 2 182 
10 96 30 197 19 25 0 164 29 177 14 70 17 13 5 176 16 124 32 43 27 122 15 136 25 151 13 111 34 124 33 112 8 130 31 11 26 134 3 6 24 73 11 184 7 155 22 140 21 20 1 180 18 149 2 26 4 4 28 113 20 7 23 141 6 124 12 26 9 104 
3 118 18 110 10 109 5 129 29 147 17 84 4 81 13 56 7 182 28 100 20 15 23 88 33 120 34 32 21 90 1 179 6 13 26 42 2 183 19 146 0 74 8 24 31 80 30 148 12 141 32 169 11 105 16 133 22 190 9 146 24 145 14 86 15 127 25 17 27 126 
34 176 28 173 31 188 10 32 2 184 19 22 33 11 16 136 22 60 12 1 24 90 15 107 18 131 3 36 5 77 32 56 29 79 14 95 13 56 27 184 25 11 21 86 6 185 8 139 26 132 20 61 9 115 23 32 4 156 1 65 7 12 0 33 11 109 17 110 30 133 
16 22 1 95 2 4 5 25 20 85 7 136 27 70 29 135 4 131 3 186 18 178 8 101 28 11 31 185 12 20 30 13 32 45 14 151 0 162 26 91 19 175 25 169 13 132 23 53 6 10 17 166 22 116 34 10 21 28 24 146 9 27 33 110 10 127 11 108 15 123 
23 74 17 59 26 185 20 7 15 141 12 143 4 87 27 65 3 176 14 180 24 23 31 182 32 154 8 10 29 64 1 93 11 197 18 27 21 141 10 169 33 98 22 190 5 12 6 62 9 115 16 105 13 70 34 148 2 171 7 28 19 50 30 41 0 119 28 152 25 163 
9 151 17 138 22 102 28 194 7 44 3 157 11 95 25 134 16 176 8 66 30 180 13 107 0 188 10 150 19 78 5 12 4 119 29 58 31 26 27 176 1 133 24 64 23 15 34 114 6 163 32 178 15 73 14 20 33 76 26 83 18 12 2 70 21 22 20 62 12 64 
2 149 34 41 4 23 23 115 24 104 30 68 21 55 11 85 1 162 20 158 14 193 12 182 31 37 15 81 9 149 25 179 8 8 6 7 5 165 17 138 32 118 3 135 0 103 22 84 28 18 33 7 10 171 16 71 7 184 18 38 13 39 26 104 19 200 27 181 29 100 
16 84 10 180 22 168 17 137 34 73 21 143 13 5 2 79 32 76 15 134 3 186 18 35 20 165 7 94 27 129 19 63 6 36 14 136 30 34 8 53 0 78 25 14 24 80 23 135 11 74 9 135 12 71 29 113 33 139 1 96 5 19 26 58 31 54 4 80 28 193 
4 73 10 93 27 84 11 60 0 196 34 150 1 134 31 10 26 189 2 142 9 42 22 88 5 103 20 26 24 107 32 129 21 65 6 37 16 198 8 152 30 61 23 166 3 44 17 75 13 155 12 191 14 162 29 200 19 190 18 87 7 192 33 69 28 97 25 74 15 161 
15 39 7 39 32 41 20 99 17 155 22 175 3 181 0 5 16 159 26 47 34 87 30 42 4 155 8 103 19 30 12 66 23 111 9 192 13 112 1 35 21 154 11 104 14 21 31 51 24 126 2 112 25 67 10 171 5 48 28 85 18 160 27 112 6 180 33 177 29 151 
12 29 18 19 3 98 26 155 28 184 5 54 34 35 2 157 6 173 25 126 16 190 21 196 13 45 15 81 0 57 33 120 1 27 8 65 17 12 11 138 10 10 20 100 19 173 14 187 30 7 23 103 22 91 9 54 29 95 31 183 27 70 24 9 7 14 4 19 32 85 
12 43 31 87 6 192 15 138 5 106 3 149 7 14 18 171 13 197 2 133 23 94 32 54 14 31 22 49 1 95 0 59 25 53 10 39 11 11 21 123 30 152 4 58 9 95 24 159 28 127 8 163 16 11 33 112 29 165 20 79 17 36 26 12 27 145 34 106 19 159 
21 126 22 101 23 92 30 154 15 3 3 168 19 92 26 34 25 106 17 147 24 29 10 134 14 11 34 195 27 20 28 126 16 138 2 60 8 115 6 167 33 155 13 32 0 123 9 6 32 188 1 162 18 147 5 30 29 154 11 128 4 12 12 163 20 54 31 115 7 41 
29 174 27 116 19 30 31 158 15 133 13 66 0 21 22 78 2 109 33 16 24 67 5 164 30 157 4 151 14 58 17 68 28 75 7 196 16 136 18 184 12 159 26 82 10 158 32 88 25 5 6 40 21 157 11 26 23 117 34 106 9 19 1 64 3 50 8 86 20 155 
21 180 22 73 19 164 15 159 27 20 31 100 3 136 23 184 7 31 11 116 0 92 18 113 10 151 34 107 6 87 28 62 12 101 25 177 1 120 16 46 20 162 30 134 9 194 24 14 32 91 5 104 14 38 13 1 29 91 33 41 17 165 4 25 2 107 8 52 26 158 
26 67 20 123 5 18 31 108 1 100 28 78 3 183 24 123 19 24 2 154 13 93 10 51 25 160 32 1 7 179 17 152 33 58 0 154 11 194 29 37 4 104 14 48 12 130 18 79 30 53 34 25 23 20 8 53 6 108 16 134 22 116 21 166 9 16 27 192 15 74 
13 111 18 139 17 17 34 94 5 78 2 82 6 171 1 85 25 145 26 113 8 60 0 75 32 46 22 131 20 41 11 152 27 75 19 14 33 85 24 143 16 3 30 61 14 122 29 109 10 47 31 169 21 54 7 76 3 151 23 106 4 168 15 78 12 21 9 97 28 162 
20 63 28 150 26 47 27 147 18 156 4 155 2 136 23 90 3 105 0 87 17 141 13 168 16 122 21 91 22 85 7 190 34 66 10 33 30 77 14 56 15 65 9 137 33 31 12 104 25 178 1 122 29 175 5 194 24 140 11 187 32 93 8 21 31 20 19 27 6 13 
22 161 34 7 16 107 20 85 21 142 23 156 18 160 9 53 6 106 5 193 19 92 24 121 0 63 28 38 11 184 10 115 7 170 15 122 8 78 14 85 27 31 12 70 4 153 30 7 1 48 3 181 32 24 13 150 29 162 25 60 17 139 33 103 2 81 26 58 31 144 
11 186 19 82 15 63 27 61 23 104 18 46 10 28 30 121 7 183 22 25 17 10 4 108 25 86 34 35 14 101 31 16 26 133 8 67 3 106 1 111 12 122 9 22 28 6 2 143 6 179 33 149 0 125 13 199 5 160 21 122 20 8 24 17 16 15 29 97 32 81 
11 67 7 172 1 130 8 97 27 179 13 191 22 101 12 174 21 39 26 22 0 170 31 132 32 78 34 73 20 99 3 105 23 145 2 191 29 142 15 23 25 60 28 183 5 189 14 140 10 195 24 120 19 170 4 146 30 42 33 65 16 95 9 164 18 58 6 42 17 67 
1 196 14 99 16 15 27 154 24 128 26 194 15 175 22 14 9 58 8 159 0 182 12 153 17 53 2 21 31 146 30 170 23 129 28 58 7 196 18 101 29 61 5 103 21 195 13 5 32 155 10 189 33 75 20 11 25 70 11 150 4 7 34 190 19 177 6 94 3 9 
22 119 17 109 25 23 21 45 32 77 34 84 10 198 1 2 14 26 6 7 27 107 16 48 31 119 5 1 9 21 18 70 28 17 3 29 11 40 12 200 2 97 29 93 20 74 4 17 13 140 15 62 0 149 8 176 24 133 26 78 19 98 33 87 23 153 7 157 30 133 
0 89 14 117 31 92 23 196 8 126 26 95 6 37 7 86 29 134 12 133 17 89 28 77 5 184 20 56 33 82 27 134 11 118 15 197 25 133 3 185 32 68 1 115 30 30 4 157 22 191 13 16 21 120 34 52 10 110 16 148 9 159 24 71 18 173 2 158 19 107 
2 197 13 186 12 44 20 20 11 156 8 20 21 184 9 195 19 107 17 176 27 87 33 163 6 189 3 44 18 6 25 186 23 118 22 87 32 95 24 90 0 100 34 25 5 190 4 65 29 84 30 20 28 90 10 108 16 60 26 11 15 1 14 98 1 166 31 1 7 28 
33 39 9 66 30 198 7 142 11 121 28 189 14 7 8 84 15 158 25 147 34 199 6 90 1 26 2 106 21 17 10 143 20 2 23 43 22 149 19 16 5 126 24 64 29 95 4 58 16 159 12 135 17 64 3 136 31 190 13 126 32 14 18 198 0 103 26 164 27 68 
22 198 16 48 0 9 12 6 9 58 29 166 11 121 21 88 3 109 18 134 34 113 10 139 1 120 5 187 2 153 26 15 20 145 30 153 25 174 7 98 32 20 13 85 33 64 24 132 15 91 31 194 19 103 8 175 23 103 14 133 27 89 17 44 4 119 6 83 28 145 
14 79 20 162 16 143 17 92 12 143 0 141 29 135 8 80 33 123 2 12 3 176 22 180 32 163 24 161 11 124 21 48 27 136 4 32 13 95 15 189 31 14 5 49 7 108 25 93 1 46 26 122 19 101 9 179 18 52 6 176 23 62 28 69 30 193 34 77 10 145 
16 85 29 35 12 15 6 79 1 126 8 104 23 188 32 25 34 61 14 155 24 72 10 170 2 137 20 170 21 28 9 89 0 127 15 70 25 76 28 159 7 112 3 157 13 148 18 147 31 126 4 149 5 8 33 74 26 123 27 171 19 80 17 27 30 156 11 34 22 2 
21 81 29 110 33 12 6 112 4 175 34 19 13 187 19 4 31 140 22 99 27 186 1 151 16 22 7 126 14 47 5 38 25 141 32 145 24 59 9 30 15 13 0 83 30 83 17 120 10 4 26 127 2 127 28 7 18 23 3 178 20 126 23 189 11 150 8 153 12 3 
15 129 10 128 33 14 20 5 30 113 27 24 28 65 23 168 1 165 2 188 7 108 17 118 29 196 19 177 3 134 31 148 32 126 18 76 26 97 34 119 21 92 11 171 4 58 22 198 9 119 12 191 24 157 5 140 13 158 6 199 14 168 8 142 0 100 16 27 25 12 
20 66 14 28 18 197 16 145 10 129 2 196 15 92 19 91 3 176 4 171 25 6 33 32 34 2 29 107 1 186 30 91 13 50 31 50 9 153 26 58 22 42 21 167 27 19 23 125 8 58 11 25 24 122 32 119 6 139 28 82 17 115 0 78 5 66 12 169 7 153 
5 75 30 86 1 16 28 85 27 107 4 182 9 92 25 170 11 13 14 17 16 192 13 104 31 44 29 95 12 193 8 199 10 102 26 107 33 133 15 48 18 144 3 96 6 59 0 105 2 185 22 85 32 157 20 158 24 52 19 132 7 175 21 81 17 21 34 79 23 198 
34 187 30 160 25 105 3 181 10 37 2 36 0 108 1 80 4 65 12 85 21 5 26 172 5 192 32 83 8 91 22 160 6 65 27 74 19 159 14 35 17 117 13 153 28 33 7 121 20 37 24 136 33 39 31 117 18 119 23 93 16 96 11 149 29 5 15 146 9 42 
29 81 31 129 19 79 16 200 9 147 26 48 4 112 25 157 0 161 22 56 14 127 8 92 18 85 17 185 3 86 20 165 34 53 15 140 5 23 23 196 32 14 10 192 7 36 33 199 1 102 21 101 12 84 13 133 28 192 6 123 11 32 30 176 27 148 24 86 2 26 
30 56 14 125 0 151 28 7 11 131 3 36 2 5 33 31 26 165 7 31 15 133 19 28 32 185 18 27 21 52 1 66 22 54 31 102 10 115 27 158 23 133 5 99 6 122 34 41 12 91 24 171 13 150 20 109 9 101 16 153 29 139 25 7 17 40 4 150 8 179 
22 187 23 61 31 3 26 32 12 101 10 128 11 77 14 76 25 55 15 50 5 129 21 17 17 53 4 140 30 159 0 168 13 67 3 180 32 126 7 111 18 100 20 160 28 120 8 161 1 72 24 164 6 90 9 121 33 77 19 24 2 162 16 149 29 126 27 7 34 33 
2 155 7 80 9 51 6 86 13 114 19 107 16 45 32 27 24 186 25 100 14 69 28 21 1 9 12 127 30 99 15 80 11 3 23 42 3 149 5 14 17 176 31 45 21 87 0 85 4 72 27 27 34 57 33 71 8 91 20 192 26 158 22 22 18 88 29 121 10 33 
10 198 23 162 28 115 20 107 22 9 15 139 17 127 24 25 3 166 5 97 31 61 30 22 25 169 2 28 33 186 14 8 21 75 11 136 34 107 12 117 7 173 18 12 19 147 16 87 1 91 6 141 27 10 9 199 0 110 13 137 4 57 29 48 8 166 32 52 26 31 
10 33 31 4 27 188 30 97 29 176 2 73 16 165 24 179 5 6 34 150 28 64 9 117 33 138 32 123 25 17 26 106 23 100 21 49 22 186 4 9 1 135 0 35 12 53 6 134 19 42 14 7 15 180 3 169 20 43 7 114 18 187 11 158 13 99 8 116 17 63 
9 50 3 103 22 55 19 24 16 157 23 158 18 13 12 39 32 194 7 2 29 162 33 56 17 144 34 111 14 191 31 163 4 33 20 50 0 181 13 88 2 179 11 192 5 129 21 58 24 174 1 132 15 136 8 80 27 123 10 53 25 86 26 194 6 12 28 109 30 200 
34 103 26 191 18 167 2 8 0 27 9 161 31 50 33 132 28 110 10 123 7 71 22 176 5 109 19 30 11 87 12 94 25 171 8 53 14 178 24 28 30 200 6 81 23 33 1 57 3 116 17 96 29 57 27 71 20 112 13 18 21 197 15 193 32 143 16 183 4 134 
15 33 10 158 29 86 17 186 32 98 13 34 0 192 33 24 14 164 34 88 21 135 19 141 9 43 12 115 26 60 28 155 23 76 3 183 24 63 5 36 27 122 6 47 1 14 8 96 7 159 20 12 18 65 31 50 22 33 16 58 30 118 4 53 2 189 25 57 11 162 
33 57 2 43 3 67 9 120 23 95 11 74 24 38 26 178 10 133 30 42 4 8 34 112 8 81 7 137 25 3 15 171 32 156 6 96 18 136 5 82 19 144 29 162 22 50 16 41 28 72 17 142 0 15 12 117 27 179 31 157 14 48 20 68 21 168 1 144 13 89 
5 180 23 158 10 167 25 13 28 165 22 21 34 137 8 67 2 195 18 195 32 112 13 92 16 97 12 167 1 108 21 53 14 194 31 17 27 37 4 25 20 174 30 6 17 4 26 127 29 33 33 75 15 75 6 60 19 125 9 41 24 195 7 77 11 125 3 70 0 197 
17 53 10 50 7 146 15 40 22 157 8 88 4 53 16 186 12 184 25 167 27 14 28 114 6 23 3 155 29 166 30 38 5 65 23 146 26 11 0 198 9 27 20 109 19 91 14 192 24 42 33 110 34 123 32 70 2 196 11 91 18 123 13 35 21 147 31 142 1 72 
3 121 6 56 7 155 1 12 14 99 17 190 20 120 33 70 12 18 11 151 10 7 25 139 32 93 26 175 34 72 15 181 19 108 31 109 18 117 8 32 5 127 27 141 9 110 29 12 24 96 21 61 22 19 4 84 2 9 16 147 13 162 23 20 0 166 30 118 28 68 
4 87 11 129 2 175 8 168 29 109 32 166 18 98 21 68 0 31 24 178 19 191 12 101 23 39 17 24 13 85 1 99 26 136 34 180 6 129 33 52 7 155 20 65 14 180 22 7 28 77 3 157 25 154 27 56 10 114 5 140 15 155 31 139 30 49 9 179 16 71 
23 200 22 122 20 61 16 115 9 83 4 26 6 82 10 43 2 99 14 41 7 89 25 94 11 85 3 143 27 110 21 52 0 11 33 156 24 151 32 6 18 5 30 198 26 20 29 118 13 17 12 9 19 198 34 11 15 157 1 177 17 55 28 192 31 48 5 66 8 167 
28 134 6 152 8 170 20 16 5 199 3 18 17 133 22 23 2 100 34 172 0 198 4 118 14 8 33 110 21 106 26 81 32 88 15 22 11 158 31 133 24 50 7 184 23 45 10 171 16 165 25 127 18 9 1 118 29 1 9 84 27 115 12 184 30 32 19 163 13 197 
33 138 23 117 29 105 12 164 9 160 2 111 15 116 11 128 4 128 31 13 10 46 16 197 20 91 34 86 0 142 18 91 30 104 3 9 22 119 19 139 8 124 5 157 27 107 26 144 28 106 7 94 6 108 24 145 21 94 32 62 14 4 1 126 25 12 13 30 17 134 
22 170 2 13 24 76 6 148 13 93 9 78 21 143 11 133 4 107 10 94 7 28 0 164 14 102 12 59 5 153 34 14 30 198 31 101 18 60 19 46 28 156 1 107 3 130 32 182 16 182 17 76 27 40 15 139 8 129 23 110 20 174 29 101 33 1 26 130 25 142 
32 114 12 81 2 86 9 144 7 9 20 131 15 165 0 66 22 93 28 106 26 84 6 29 19 170 10 111 24 7 31 187 13 143 3 70 27 167 18 181 8 33 34 77 33 105 21 123 29 112 4 106 1 187 23 123 5 130 11 13 25 183 14 90 30 119 17 64 16 118 
34 156 11 92 20 60 22 82 8 146 27 53 30 139 5 178 0 160 32 109 17 187 3 180 15 73 16 37 10 188 24 47 14 96 29 138 1 66 12 168 2 46 33 35 23 142 26 194 25 108 7 75 19 64 6 71 9 180 13 81 4 154 28 90 31 35 18 174 21 185 
27 133 5 105 10 54 28 36 33 160 3 75 31 102 30 2 0 82 8 10 20 19 17 56 19 10 26 110 16 13 13 44 18 168 29 69 22 169 1 3 4 66 25 28 6 77 2 127 15 100 9 96 32 145 34 86 14 41 7 166 24 29 12 159 23 9 21 37 11 117 
33 76 29 114 25 102 16 162 17 125 18 102 14 22 19 184 26 165 3 77 7 22 20 26 32 32 31 157 28 7 12 18 1 101 8 158 0 120 27 8 22 107 34 108 24 92 13 123 11 173 4 130 6 36 5 20 9 107 15 129 23 120 30 125 10 60 21 83 2 108 
8 118 2 90 4 43 24 34 34 112 9 5 3 51 20 111 27 94 11 137 13 103 12 149 14 194 10 90 0 15 33 73 25 149 16 91 32 54 21 176 7 43 19 6 17 75 28 176 26 143 29 23 30 114 31 36 23 135 18 90 1 84 22 70 5 153 15 100 6 160 
21 104 0 156 11 117 29 74 27 49 33 200 18 2 30 97 4 53 8 57 6 53 9 37 23 72 12 118 3 155 7 93 17 15 13 179 22 1 25 165 32 157 24 52 19 149 2 176 26 179 28 27 14 7 15 165 1 29 16 179 31 23 5 79 10 49 20 68 34 19 
34 58 12 72 6 32 32 94 25 4 4 173 24 68 3 4 29 47 26 111 8 182 22 168 14 7 17 145 2 189 7 82 33 15 15 86 5 184 0 157 30 85 20 104 1 92 19 129 18 112 11 146 28 180 16 74 27 13 10 47 21 94 23 158 9 196 13 199 31 74 
30 105 28 64 4 65 24 53 8 196 9 4 15 89 29 146 34 100 7 191 23 188 10 147 13 55 21 120 27 75 6 132 20 49 14 175 5 111 1 195 2 111 17 138 16 184 11 10 25 66 3 104 18 115 33 71 12 183 26 183 22 174 31 47 0 6 32 173 19 185 
12 127 14 132 10 190 34 70 1 90 25 147 17 190 18 199 7 36 16 16 29 105 26 31 3 71 27 129 15 102 20 46 5 60 24 91 23 44 8 154 6 1 28 76 0 24 32 195 30 12 2 166 4 167 13 109 11 24 22 67 33 5 21 57 9 60 19 57 31 19 
14 15 10 185 21 192 5 60 23 174 9 142 22 49 6 138 18 51 24 152 19 47 7 24 15 124 30 138 34 118 8 146 3 189 2 91 28 60 33 4 32 25 13 163 27 137 25 54 0 46 20 127 16 182 31 107 17 20 29 106 12 16 11 172 1 37 26 11 4 3 
17 181 5 102 30 69 32 101 9 126 2 150 29 152 15 60 6 69 22 196 14 200 0 113 3 194 20 162 12 125 23 59 34 19 10 98 8 24 13 75 1 192 19 118 27 65 18 54 4 81 11 119 24 159 33 95 31 70 21 125 7 162 25 52 28 69 26 150 16 151 
30 29 25 122 0 141 17 181 4 171 29 19 22 36 31 182 21 73 19 154 33 65 13 58 15 134 3 128 6 119 23 142 1 163 20 52 9 161 10 87 7 70 32 132 8 191 26 142 34 79 16 39 2 5 27 191 14 112 28 182 24 198 18 96 11 163 5 43 12 96 
19 3 17 71 7 59 27 180 12 178 32 180 8 200 1 124 3 27 15 153 20 137 29 187 33 102 21 28 18 145 26 114 25 12 34 180 24 7 16 49 23 190 28 174 11 52 5 31 0 131 2 13 13 16 30 106 10 73 6 180 9 102 4 30 31 179 22 158 14 180 
5 176 1 76 17 54 25 163 19 183 31 177 15 134 34 102 18 28 9 140 32 102 2 88 3 105 16 111 29 139 24 148 21 136 28 197 0 188 8 39 26 111 23 31 4 149 6 109 13 175 33 140 14 148 27 46 12 53 7 61 30 64 22 76 11 120 10 30 20 59 
7 152 17 148 30 91 5 112 25 124 9 25 10 60 8 103 32 87 27 123 0 61 15 35 2 78 11 114 3 15 6 112 22 173 1 90 34 191 21 196 13 124 18 175 20 59 14 12 26 50 29 89 23 192 16 183 12 17 31 82 19 17 24 149 33 62 4 15 28 16 
15 135 20 63 27 8 25 71 9 79 31 28 29 53 33 110 0 53 21 34 23 66 22 53 11 69 8 187 17 106 32 103 24 86 16 81 5 70 18 112 7 144 28 17 26 41 12 8 14 46 6 101 19 4 2 164 3 104 1 136 34 74 13 39 10 103 30 12 4 172 
23 177 4 152 24 47 10 192 34 29 14 191 19 161 33 178 12 14 9 193 16 42 13 134 29 24 11 124 17 24 32 30 30 147 21 86 28 197 20 121 7 195 3 9 6 38 25 149 27 117 1 97 2 38 8 103 0 53 22 59 15 96 18 7 5 80 31 8 26 61 
27 69 8 133 12 100 21 136 23 112 11 148 33 33 10 45 29 44 17 89 31 40 1 38 5 148 7 10 25 56 16 115 28 137 26 58 22 56 19 189 3 85 20 80 32 59 4 12 30 164 2 176 6 36 15 109 0 103 14 137 34 173 13 88 18 109 9 160 24 8 
10 151 14 99 29 147 27 78 31 68 2 45 19 31 6 145 26 77 13 119 32 69 23 12 28 111 11 94 21 30 7 173 5 7 8 14 20 179 30 9 24 93 16 75 3 116 1 103 12 183 17 98 0 137 15 27 34 134 25 65 22 96 33 135 18 55 9 22 4 159 
23 24 11 197 10 190 27 24 31 169 4 9 20 138 7 15 26 105 13 14 17 96 21 106 16 128 30 104 29 63 6 195 24 98 28 19 34 104 14 118 5 8 32 52 18 162 22 145 1 160 2 121 3 101 15 62 9 93 19 112 12 44 0 17 8 182 25 72 33 106 
26 102 29 177 32 147 17 139 3 146 7 78 30 96 31 41 19 173 0 89 25 90 27 67 28 116 1 196 13 51 12 17 14 32 20 158 18 66 11 70 8 6 9 41 21 142 24 83 5 93 2 137 16 5 4 15 10 136 23 51 6 192 22 1 34 74 15 100 33 122 
10 67 0 71 31 102 7 101 30 49 34 43 26 21 25 128 9 167 16 159 12 22 4 100 20 187 18 147 29 95 14 182 5 8 27 50 6 65 13 110 11 149 2 85 15 147 24 21 28 187 21 54 19 17 8 191 22 67 33 7 1 53 3 180 32 174 23 7 17 25 
25 32 18 3 33 92 11 14 3 39 29 120 27 163 2 164 1 21 10 150 24 89 8 103 32 82 17 48 16 171 20 155 0 178 7 54 13 59 23 152 4 43 31 188 28 96 21 108 30 189 14 148 9 53 34 65 6 143 22 51 15 9 26 124 19 192 12 116 5 22 
25 124 16 66 29 124 21 139 22 160 13 122 28 171 0 36 18 6 7 191 20 111 30 16 24 129 10 49 14 58 23 15 32 65 1 98 26 46 6 168 15 151 4 45 5 198 17 83 27 47 33 11 12 10 19 169 3 119 11 91 2 61 34 22 9 75 8 40 31 10 
9 61 21 126 29 194 14 36 25 10 32 62 1 27 31 62 26 149 19 65 10 170 16 127 2 159 6 198 33 178 13 27 15 1 24 37 11 174 27 136 23 125 22 166 0 177 30 198 17 3 18 71 20 58 5 136 8 64 34 154 4 83 28 55 3 150 12 92 7 133 
13 61 12 112 4 200 22 112 19 16 32 22 11 60 18 191 2 186 21 80 23 103 6 115 25 96 33 164 3 178 0 121 26 95 28 53 17 54 16 139 15 154 5 19 24 186 29 189 30 131 1 120 7 161 9 182 8 109 34 168 14 132 31 185 27 150 10 79 20 197 
29 104 3 65 15 40 34 83 14 97 26 42 16 169 11 106 18 140 12 88 7 57 31 14 4 140 20 133 17 97 27 51 10 192 5 190 19 26 2 157 9 118 6 15 30 48 1 153 32 194 0 11 25 126 21 35 8 82 23 124 22 38 28 19 24 45 13 173 33 114 
3 36 29 114 20 107 32 185 12 176 15 94 22 88 1 71 19 175 4 83 18 196 2 187 14 62 16 160 33 3 9 16 8 200 6 135 17 198 21 85 0 84 30 42 25 188 23 81 26 124 28 154 24 80 5 64 31 49 11 82 10 91 34 170 13 51 27 61 7 131 

