80 30
24 161 27 99 10 19 0 1 7 181 25 20 5 48 16 78 11 99 6 132 20 101 1 190 13 133 15 77 8 39 19 56 17 109 18 98 2 163 26 72 12 82 21 89 3 55 9 55 23 169 28 84 14 85 29 91 22 152 4 60 
28 29 7 57 26 119 5 102 21 153 9 72 15 51 3 170 24 128 11 73 18 189 27 197 4 89 12 18 19 13 16 39 14 25 20 196 10 123 1 151 22 47 0 125 6 64 25 133 17 63 29 93 13 173 2 78 23 192 8 175 
3 5 27 144 9 91 4 73 12 103 2 128 24 104 28 34 17 171 7 8 8 105 26 133 6 116 23 168 13 112 1 43 21 192 5 152 14 194 11 31 18 153 0 105 19 32 29 102 15 119 10 96 25 90 22 196 16 190 20 74 
12 18 7 41 1 35 23 45 24 87 4 140 28 38 6 124 15 18 2 139 14 140 11 179 21 77 26 47 17 101 20 121 3 108 29 150 19 174 0 68 8 86 22 117 27 49 5 193 10 98 13 194 16 59 18 144 25 10 9 122 
25 141 16 22 9 88 8 125 14 105 17 22 18 186 26 85 19 196 20 16 10 31 28 16 27 13 2 11 11 194 12 96 13 69 21 124 1 24 22 55 6 82 7 164 4 195 0 128 24 34 3 101 29 180 23 146 5 68 15 144 
16 123 0 104 6 5 20 141 25 81 9 28 13 143 7 148 18 50 27 3 24 127 1 114 23 130 21 151 29 52 2 101 28 18 17 140 4 164 22 178 19 65 8 193 5 130 11 144 15 81 10 51 26 19 12 3 14 9 3 53 
2 118 27 39 29 36 18 58 9 32 28 107 22 183 24 165 19 126 8 132 14 186 26 18 23 148 21 134 0 126 10 198 4 13 25 166 15 135 7 9 11 86 3 65 17 51 1 119 13 148 20 137 16 106 12 109 6 28 5 67 
0 76 21 65 9 169 11 159 6 160 13 67 18 41 20 60 2 193 17 1 26 200 4 197 29 162 19 133 25 19 1 169 5 162 22 9 15 179 3 102 8 92 28 157 7 31 27 155 23 162 24 41 12 45 14 50 16 132 10 8 
9 11 17 100 22 103 16 70 18 141 4 105 29 44 3 48 0 59 19 32 21 109 15 4 6 117 24 4 13 110 10 66 14 68 8 99 11 164 2 148 28 19 5 159 23 61 25 46 1 121 26 193 7 119 12 135 27 53 20 134 
29 170 13 61 8 80 23 105 16 181 7 159 24 86 27 156 22 110 20 87 18 64 1 102 28 68 0 24 2 54 4 9 10 97 6 90 19 106 12 34 21 27 14 84 9 175 26 147 17 79 25 126 5 100 11 15 3 39 15 111 
12 119 11 110 19 169 20 86 16 120 26 19 9 9 8 53 5 84 21 127 24 50 0 148 4 61 18 3 15 131 23 79 14 3 1 126 7 55 6 4 29 185 28 163 27 112 3 45 13 127 2 33 17 36 22 157 25 108 10 57 
24 59 18 88 2 109 13 52 17 68 28 112 26 6 10 68 1 56 6 15 19 29 0 76 8 44 20 106 15 55 12 24 4 185 23 54 9 181 22 177 3 28 21 79 5 112 27 140 14 167 7 190 25 128 29 143 16 141 11 73 
10 129 14 29 27 71 7 59 8 54 12 165 26 147 2 180 17 83 9 19 16 68 3 118 28 106 4 35 1 121 15 41 29 163 11 141 18 25 23 181 13 3 21 172 25 64 5 185 20 82 19 167 0 132 22 115 24 79 6 157 
3 194 26 168 28 19 18 195 17 116 25 158 8 95 11 185 23 124 20 69 15 13 6 73 19 79 5 54 13 28 10 101 1 84 27 104 9 48 24 30 2 166 16 43 29 137 4 114 0 150 22 68 12 83 7 182 14 125 21 98 
4 194 21 59 6 93 0 31 7 31 22 140 8 73 14 163 16 130 1 193 18 37 2 13 13 144 17 128 27 187 24 40 11 67 12 20 25 191 3 162 9 71 26 30 20 22 23 24 10 175 29 93 19 146 15 76 5 25 28 78 
17 105 21 4 19 170 11 78 18 195 28 64 25 118 3 50 24 169 6 104 16 195 20 151 29 149 14 50 15 124 10 158 23 100 27 12 1 4 4 77 22 55 2 42 8 135 9 82 7 10 0 46 5 168 26 159 13 200 12 176 
19 111 15 39 25 86 0 149 7 159 5 143 16 39 29 139 1 59 6 65 20 14 18 69 2 150 22 149 9 125 14 164 28 182 24 85 21 70 4 57 13 111 23 42 27 56 3 169 17 8 11 152 10 166 8 92 26 48 12 70 
22 9 26 90 5 36 7 135 12 199 3 103 20 9 24 169 29 46 14 89 28 37 1 114 6 94 11 55 27 160 9 16 19 149 15 18 18 115 8 24 2 99 4 77 23 43 25 56 21 140 13 67 0 107 16 45 10 70 17 189 
1 73 7 132 25 110 26 199 22 61 3 10 24 23 27 123 0 181 13 101 17 191 10 198 29 3 2 105 19 196 28 178 4 200 6 165 11 4 16 100 15 185 20 88 18 84 9 178 23 120 21 191 8 13 14 112 5 168 12 175 
21 112 17 35 9 192 1 108 24 197 2 106 25 116 5 61 14 165 6 150 19 85 23 121 4 76 0 64 29 8 26 170 3 104 7 140 13 141 10 69 16 152 28 63 18 79 12 192 15 1 8 31 11 31 20 193 27 64 22 161 
4 97 9 171 1 193 7 77 3 88 16 107 27 131 13 159 21 31 11 154 29 191 28 81 10 174 6 65 19 18 0 8 25 23 14 95 15 14 17 18 2 9 12 40 5 115 23 130 8 125 22 99 18 17 24 107 26 131 20 199 
7 64 1 187 24 182 8 184 28 194 9 1 16 87 25 137 2 159 13 144 5 185 17 163 3 9 0 115 19 23 26 14 10 9 14 71 6 111 23 60 27 195 29 88 21 75 22 98 20 134 11 123 4 88 12 47 15 135 18 175 
28 35 19 26 7 137 18 162 16 98 21 51 0 7 27 164 12 87 9 79 1 190 2 117 29 36 3 42 10 125 4 91 23 45 25 13 11 131 5 174 24 175 26 17 15 182 13 71 22 177 8 78 14 164 6 76 17 79 20 111 
10 48 22 68 29 170 14 111 20 183 12 191 0 89 17 179 1 100 21 49 9 194 11 179 5 169 3 151 25 199 18 77 24 5 2 101 15 33 23 192 13 198 8 37 28 126 26 46 6 150 7 176 27 63 4 3 16 21 19 20 
28 6 25 189 29 13 0 29 2 44 23 85 8 103 12 148 26 153 24 142 6 149 5 172 7 37 14 58 10 118 18 21 13 133 17 50 4 84 16 153 9 51 19 192 1 120 22 35 27 64 20 111 11 159 15 12 21 177 3 177 
26 120 10 107 14 198 22 32 7 181 20 51 1 84 6 162 12 92 24 87 15 66 21 170 11 166 5 58 4 195 9 188 3 82 2 50 28 39 18 124 19 164 27 152 25 71 17 167 16 145 23 25 29 150 8 17 0 98 13 45 
18 183 5 78 28 150 27 6 29 40 23 11 8 114 19 133 9 158 26 83 4 33 17 125 10 52 6 9 15 132 13 172 24 150 16 34 3 120 7 56 22 110 25 122 0 195 12 177 20 185 21 69 14 11 2 50 11 177 1 156 
19 51 27 123 16 200 9 145 26 151 25 139 7 129 1 160 28 33 15 6 23 128 29 65 20 108 6 56 18 177 17 104 12 147 10 92 11 32 2 49 3 64 8 137 4 8 24 54 22 142 5 153 13 131 14 76 21 113 0 113 
8 120 11 59 13 146 7 73 18 22 16 18 3 191 21 143 2 27 24 141 10 146 5 103 4 180 22 31 12 111 0 194 25 116 9 89 20 58 23 100 27 134 15 107 19 157 6 140 1 22 17 82 26 38 29 120 14 46 28 158 
23 89 20 187 3 120 13 109 5 149 6 159 16 185 4 137 25 50 27 47 12 120 21 46 26 3 18 161 0 86 19 51 29 97 15 199 1 112 7 152 11 37 10 138 22 54 8 137 24 126 14 131 2 36 17 91 9 25 28 122 
23 15 16 155 15 70 2 47 8 99 18 132 17 54 3 77 20 78 12 20 11 26 26 190 21 143 22 89 6 87 5 37 7 156 19 199 1 40 14 59 4 100 25 108 27 32 10 182 29 108 13 21 24 70 0 47 9 178 28 68 
17 82 20 196 9 82 29 29 14 61 12 71 0 12 25 118 16 147 6 144 8 136 24 5 28 100 2 101 23 137 11 26 18 197 5 51 10 83 3 63 4 90 7 61 21 108 19 170 26 34 13 154 27 199 22 17 1 61 15 82 
14 117 27 65 11 133 25 117 18 158 5 104 13 146 4 113 12 190 21 119 24 107 20 36 28 113 7 26 23 126 17 74 26 113 19 147 3 85 2 35 22 37 16 192 10 64 8 1 6 198 9 63 1 103 15 196 0 154 29 48 
12 113 2 163 4 151 6 101 11 20 26 79 10 63 1 155 8 104 22 200 0 110 29 137 23 152 19 170 24 65 14 4 17 37 15 54 20 189 7 1 9 193 21 9 28 98 13 34 18 54 25 77 16 68 3 171 5 76 27 144 
19 172 17 32 13 140 16 142 5 95 12 167 14 198 22 137 11 68 18 138 24 182 7 98 26 41 20 180 21 139 4 66 2 117 8 157 10 188 27 96 6 39 23 167 0 197 25 20 28 89 1 184 9 91 3 49 15 5 29 76 
0 184 27 135 21 118 25 133 13 165 17 125 22 24 23 55 8 163 6 74 15 89 12 137 4 69 2 180 18 129 14 72 1 96 16 81 5 1 9 192 7 1 20 151 26 91 11 138 10 184 29 144 28 133 24 129 3 74 19 81 
20 96 25 186 19 170 23 7 12 79 27 175 8 72 16 89 26 99 17 112 24 4 5 190 10 59 28 40 2 51 4 149 15 11 29 13 11 96 22 119 18 149 6 132 3 99 21 34 13 31 1 183 9 62 14 179 7 82 0 144 
1 135 17 17 24 8 6 46 19 100 18 40 14 65 0 137 12 10 5 53 2 8 28 54 27 38 15 11 20 76 26 41 29 88 13 68 11 77 16 176 22 180 9 185 25 41 8 106 3 200 23 5 21 172 10 44 4 195 7 29 
6 175 20 88 29 177 5 50 8 79 16 46 13 163 18 200 11 73 7 40 27 185 2 163 25 24 22 147 0 151 4 11 19 76 28 74 24 71 23 7 3 99 15 118 26 73 12 86 14 94 21 117 10 46 9 51 17 6 1 79 
17 169 2 77 15 7 0 160 29 180 7 5 18 131 19 176 6 144 23 99 16 184 9 174 3 196 13 9 25 136 4 179 10 87 28 157 27 43 8 188 24 48 22 54 14 75 1 189 12 57 20 72 11 45 21 17 5 170 26 73 
29 95 3 140 5 78 13 92 9 151 12 48 25 180 20 123 23 162 10 140 26 151 21 135 22 140 16 121 0 156 27 36 14 189 2 40 19 191 24 157 1 52 4 89 6 110 28 58 18 139 8 14 11 88 7 153 15 21 17 199 
13 189 24 120 6 161 10 95 26 8 15 153 20 76 3 145 14 121 19 184 4 132 1 62 25 54 7 147 17 96 12 42 8 35 22 10 29 175 23 106 21 13 16 25 27 65 18 102 9 7 11 69 0 100 5 180 2 46 28 102 
16 125 11 113 7 72 14 137 23 162 3 83 0 90 8 45 21 156 13 190 9 59 18 20 2 85 4 57 29 60 17 148 26 129 20 29 24 109 19 140 15 107 27 22 12 137 6 31 10 106 28 31 5 157 1 106 22 37 25 34 
17 75 2 130 6 179 19 153 28 80 13 177 26 189 16 80 12 45 18 160 7 119 24 71 5 94 22 150 14 196 0 157 11 133 1 85 9 77 25 130 21 183 8 71 4 11 10 36 3 36 23 55 29 53 20 86 27 95 15 19 
0 186 26 118 11 181 8 32 1 54 22 132 17 93 7 23 9 15 15 149 29 114 25 152 18 162 14 21 21 25 12 176 3 18 28 172 6 16 13 74 20 126 23 80 19 178 24 144 2 140 27 59 10 112 16 29 4 104 5 191 
14 123 29 10 6 85 18 160 5 92 26 102 9 140 17 43 19 93 24 127 27 129 3 94 28 78 13 40 16 163 21 84 23 94 15 101 4 45 25 68 0 78 11 34 10 57 22 68 7 68 20 189 2 149 8 161 1 86 12 89 
28 159 0 67 20 59 27 146 24 46 1 113 5 134 2 93 16 68 13 176 22 182 14 16 4 7 10 135 21 199 19 13 25 26 29 7 18 155 26 133 3 86 15 160 7 110 9 128 12 61 6 186 11 112 17 123 8 144 23 184 
7 136 21 158 9 102 25 32 27 1 18 118 4 58 20 117 22 104 28 153 19 135 5 27 3 135 0 37 12 130 1 138 29 105 13 87 2 97 16 78 24 6 11 23 8 186 26 125 23 171 10 6 17 139 6 199 15 141 14 12 
20 195 21 198 15 132 24 174 10 172 18 198 25 159 29 113 5 96 17 88 28 127 19 30 26 161 16 59 9 78 4 170 12 11 22 158 14 128 27 56 11 185 2 55 23 73 1 93 7 95 0 152 8 49 13 54 3 122 6 109 
25 186 7 189 20 124 1 180 3 157 24 131 26 46 9 141 22 55 13 71 27 9 12 104 21 42 11 12 14 49 8 95 17 160 23 45 5 95 29 84 19 130 10 74 16 63 6 6 28 80 2 163 15 107 4 144 0 186 18 117 
15 104 24 58 2 121 6 112 18 153 5 96 20 158 7 135 14 62 23 171 10 138 19 197 9 8 22 124 28 66 16 113 25 118 11 117 17 172 4 166 3 199 12 149 26 53 29 60 27 78 8 116 0 179 21 39 13 130 1 33 
22 56 14 111 1 107 18 100 19 172 6 137 26 185 15 83 10 48 28 141 17 33 24 57 9 182 11 27 8 187 3 162 16 84 13 140 20 132 5 138 25 24 27 22 23 174 21 127 4 92 12 66 29 53 0 106 7 22 2 93 
15 149 28 193 5 20 13 153 9 58 7 79 18 93 25 25 1 169 29 32 26 190 23 195 8 19 3 133 4 130 19 185 0 162 2 83 6 60 24 115 12 132 17 51 16 45 21 182 10 24 20 69 27 38 14 93 11 176 22 55 
7 3 19 134 2 83 20 20 11 153 1 42 18 167 12 187 14 140 4 5 10 17 8 116 15 146 3 176 21 72 29 117 28 139 22 154 23 2 17 11 27 14 0 108 9 7 6 29 25 162 24 85 26 157 5 169 13 100 16 116 
14 122 22 56 29 48 12 187 7 109 9 161 3 122 16 160 15 114 19 62 23 159 0 192 24 22 11 54 13 48 2 81 8 139 25 98 10 169 28 79 1 19 26 49 4 23 6 118 21 59 27 190 17 45 20 155 5 137 18 45 
11 173 21 137 22 99 25 41 14 53 15 90 2 10 17 163 18 171 13 12 28 33 12 126 10 22 3 7 1 45 0 88 6 85 19 89 27 3 29 73 4 168 7 49 26 18 5 23 8 177 16 114 9 61 20 23 24 139 23 12 
3 145 11 170 1 129 24 82 27 131 28 144 26 20 19 182 8 14 4 178 0 80 25 77 9 124 29 124 22 4 13 194 21 174 6 74 2 61 12 16 20 142 23 91 14 150 18 180 16 134 5 28 15 145 7 191 10 48 17 52 
7 171 25 20 3 74 23 100 8 23 5 77 12 159 18 68 1 85 28 48 19 130 6 57 16 74 10 122 15 106 21 104 27 93 4 105 11 19 14 133 20 149 22 38 0 126 29 162 26 42 13 91 24 49 17 34 9 23 2 107 
27 148 26 137 4 70 19 199 11 37 1 173 13 32 8 13 6 99 5 174 29 188 25 26 17 106 3 12 24 83 22 171 15 170 0 144 16 152 9 196 14 161 20 133 18 95 10 186 2 108 7 81 21 123 28 135 12 61 23 98 
27 101 6 81 1 41 4 72 21 199 2 38 9 123 24 74 23 98 12 57 19 143 17 13 8 74 20 86 10 32 5 177 28 36 25 194 22 192 18 173 11 176 13 27 3 90 7 66 26 180 14 126 0 38 29 77 16 82 15 5 
24 61 27 47 18 187 2 15 12 166 20 186 13 148 8 30 19 141 7 178 15 30 5 65 11 145 16 65 10 22 29 127 21 148 0 39 25 142 14 186 22 140 9 92 26 27 3 46 28 116 1 40 4 187 17 168 23 136 6 65 
16 25 22 153 3 104 23 62 11 146 20 62 27 48 29 149 21 71 26 191 13 80 12 88 18 32 25 76 10 32 28 179 15 141 1 96 5 70 0 94 4 128 8 64 9 144 6 198 2 105 17 88 24 54 19 29 7 119 14 175 
1 180 8 41 22 138 10 110 0 15 18 150 17 95 25 164 2 155 6 87 14 152 21 140 13 200 20 136 5 3 3 93 16 117 12 22 26 107 7 147 11 188 15 82 23 198 4 3 19 111 29 76 9 98 24 53 28 91 27 157 
4 97 29 59 13 42 19 161 2 5 27 136 23 138 17 80 20 182 6 173 9 93 15 194 11 194 26 11 24 186 21 147 18 184 12 69 10 129 16 94 8 64 0 59 3 148 7 110 28 17 5 102 22 116 25 154 1 79 14 70 
17 79 23 15 18 29 15 47 26 122 19 85 20 23 24 107 2 87 1 163 10 22 11 160 12 41 9 165 7 65 0 183 3 144 22 110 16 110 28 88 4 96 13 183 5 153 8 180 29 56 6 183 14 138 27 124 25 55 21 97 
18 13 24 174 4 122 12 159 25 92 26 76 22 154 20 76 28 64 21 36 2 81 7 186 9 69 19 37 17 85 5 59 11 106 15 120 0 14 16 132 13 159 6 26 1 170 10 28 8 47 29 6 27 150 14 65 3 64 23 100 
10 101 26 83 22 174 17 157 8 165 9 26 21 147 0 160 7 174 13 41 12 9 20 43 28 5 18 96 23 127 5 71 19 157 25 57 2 115 14 58 3 112 6 124 27 33 11 188 16 21 24 160 1 126 15 28 4 185 29 111 
23 27 7 192 20 46 27 123 2 163 9 31 8 98 0 84 6 138 1 91 29 15 19 103 11 54 14 83 12 162 10 156 15 165 13 138 5 26 24 181 4 102 21 175 3 162 18 198 16 49 26 134 22 116 17 30 28 81 25 194 
8 16 2 133 21 132 15 82 23 164 22 38 17 124 19 100 20 134 27 39 13 156 25 95 11 93 24 129 18 55 6 163 7 111 26 88 14 40 0 189 4 42 9 57 10 149 16 6 29 19 3 89 5 18 12 86 28 194 1 191 
17 94 4 178 0 39 11 3 18 37 7 128 22 158 3 165 6 156 14 91 24 18 12 127 16 57 27 17 25 49 29 183 19 37 1 175 21 175 2 34 5 158 23 109 28 111 8 82 9 57 13 167 10 152 26 120 15 123 20 119 
2 184 3 122 10 180 28 109 16 132 20 79 27 184 24 197 19 168 23 1 13 34 0 162 22 198 5 120 7 173 12 175 4 39 8 159 21 76 14 7 17 106 6 99 25 164 1 182 9 82 18 22 29 134 26 165 15 170 11 122 
10 27 27 50 11 82 17 91 3 198 18 45 5 5 25 43 24 88 29 160 20 76 28 40 2 4 8 10 23 125 12 41 6 82 14 198 15 159 19 181 4 101 9 49 16 16 21 22 1 30 22 189 26 79 0 72 7 140 13 20 
18 35 9 46 12 100 28 94 2 181 23 65 27 174 6 96 16 84 3 118 10 36 21 168 22 181 17 53 11 24 25 103 15 57 1 28 14 137 29 131 8 38 0 110 20 24 24 68 26 42 13 181 5 49 7 61 4 170 19 165 
22 168 25 126 10 27 1 200 16 50 11 188 4 21 20 32 0 112 26 60 23 45 18 158 29 130 14 148 8 152 3 38 15 131 21 12 7 146 13 188 24 38 9 108 19 2 6 175 28 9 12 1 17 195 2 18 27 90 5 46 
29 47 2 74 1 11 22 27 10 30 8 149 6 72 17 59 4 147 12 185 13 150 9 153 16 154 23 170 14 183 5 105 25 188 26 62 11 132 27 69 15 3 20 103 18 164 0 14 24 41 28 148 21 101 3 80 7 196 19 113 
2 168 10 72 27 56 12 55 29 22 8 34 25 138 21 165 16 98 5 59 26 177 13 157 7 100 18 104 11 7 19 53 4 21 20 153 14 199 28 83 24 39 6 167 15 114 9 6 3 85 22 104 1 174 0 26 17 4 23 169 
2 70 16 82 17 24 11 124 6 110 27 52 15 117 20 192 12 11 19 39 13 13 9 8 10 108 8 75 24 3 1 172 28 49 7 114 3 100 18 153 0 5 25 189 21 114 14 145 4 73 22 122 26 149 5 170 29 27 23 145 
3 104 19 151 28 16 12 177 10 42 14 19 9 55 17 104 29 30 1 31 24 38 13 144 22 37 25 20 26 62 4 111 20 71 18 162 2 49 23 72 21 142 5 148 11 17 15 84 6 187 8 35 7 56 27 35 0 1 16 97 
26 30 4 107 18 184 28 18 6 150 10 188 19 12 22 82 25 190 23 64 9 59 29 12 17 89 7 20 14 53 13 15 5 176 3 155 21 23 24 97 12 149 1 157 2 100 8 146 11 33 20 144 0 16 16 34 15 152 27 169 
19 118 12 7 3 14 16 93 9 103 27 83 18 111 17 88 29 86 4 44 5 39 2 160 20 106 14 193 11 59 8 15 23 162 10 150 28 5 24 157 0 43 25 51 26 191 21 195 13 148 15 116 1 35 22 15 7 27 6 97 

