80 30
5 86 15 70 26 94 6 134 3 12 8 18 23 124 14 45 21 1 10 185 29 157 4 136 12 84 20 40 19 59 9 148 13 90 0 4 17 65 2 69 1 199 27 90 22 130 28 155 16 66 25 98 24 3 18 120 11 193 7 167 
1 101 24 94 16 130 11 160 9 13 19 60 27 141 22 35 3 51 17 125 2 136 5 132 0 189 18 189 28 130 15 85 13 9 25 10 6 16 10 13 21 107 8 100 20 54 29 136 26 103 23 84 12 150 4 99 7 137 14 22 
27 184 23 39 3 26 28 199 12 111 29 88 6 30 24 11 18 86 10 40 11 90 9 41 13 156 7 157 21 114 22 152 2 180 4 200 0 165 16 50 8 84 5 200 17 144 1 119 19 161 26 97 25 175 14 4 15 16 20 182 
13 115 6 76 1 90 17 9 5 17 0 41 19 117 10 118 20 131 16 27 25 162 27 29 9 157 7 131 26 107 29 161 15 62 22 69 4 147 18 72 8 192 23 147 28 120 2 116 14 113 11 87 3 146 12 183 21 170 24 142 
18 167 27 38 20 173 2 140 15 66 23 6 24 19 7 159 28 26 21 16 9 167 19 31 8 186 6 126 26 139 5 126 3 50 13 78 16 33 29 57 22 66 1 194 4 67 10 62 0 108 12 10 17 143 11 133 25 14 14 123 
2 138 11 181 20 35 17 99 8 21 15 148 21 38 26 57 5 130 10 42 18 133 27 54 24 1 23 7 22 34 0 139 29 27 12 109 1 122 4 6 25 196 28 105 19 166 6 36 9 74 13 130 16 66 7 148 3 16 14 37 
29 184 16 132 2 169 11 121 5 197 4 136 9 80 13 153 8 31 21 121 26 80 10 28 14 75 6 192 17 142 15 102 18 53 0 57 24 88 3 53 7 150 12 148 23 7 25 50 20 111 28 113 27 50 22 57 19 200 1 94 
16 117 21 130 29 69 12 127 14 180 7 103 26 182 4 36 2 106 25 74 6 21 18 13 13 143 3 9 11 160 9 28 20 139 10 39 0 175 5 123 8 126 28 76 19 9 17 55 15 13 23 170 27 13 24 137 22 148 1 144 
18 184 24 118 2 15 0 12 5 74 10 169 17 188 25 149 28 92 14 18 19 33 8 174 22 41 11 160 21 133 16 138 1 138 9 198 29 76 13 200 6 150 27 52 3 71 26 118 23 25 4 73 12 26 15 125 7 38 20 25 
4 21 8 61 20 116 18 164 2 127 5 48 9 84 10 186 13 2 26 107 24 79 19 76 6 172 11 18 7 164 23 168 27 187 0 101 21 61 15 107 14 15 16 78 22 139 29 153 17 186 12 103 1 184 28 13 3 22 25 65 
12 165 16 4 7 125 5 164 6 47 10 87 4 34 13 43 18 159 9 167 0 192 8 108 20 153 2 126 28 100 29 65 22 52 21 140 14 137 26 32 15 151 3 82 24 193 1 135 19 69 11 46 27 108 17 101 25 109 23 36 
24 125 3 136 10 131 18 145 20 162 4 106 12 129 6 83 5 88 14 187 25 198 19 131 23 86 15 162 11 18 13 179 27 74 29 142 22 197 7 78 1 176 28 158 9 107 8 180 21 23 16 33 0 166 17 163 26 43 2 7 
23 173 21 114 15 126 14 74 12 176 28 32 25 130 4 184 6 109 22 158 26 173 1 144 16 98 19 32 8 10 29 42 9 150 13 5 18 53 20 116 24 200 5 101 17 170 0 147 3 124 27 181 11 16 7 61 2 6 10 173 
0 91 28 190 3 119 8 169 15 165 7 182 12 139 17 31 27 129 1 54 20 131 18 123 25 153 5 81 19 155 9 145 24 134 10 141 13 152 6 59 2 175 11 135 4 107 26 198 21 158 23 183 22 124 29 140 16 111 14 16 
23 104 25 196 29 78 8 108 2 148 19 58 12 174 3 28 6 183 27 81 20 36 26 60 18 117 22 191 7 66 9 24 17 163 10 59 15 108 16 170 21 73 1 96 14 124 4 119 28 116 5 68 24 177 0 7 11 118 13 68 
25 131 8 166 23 196 22 153 9 113 10 135 12 16 6 3 18 104 15 178 19 80 5 150 16 191 2 92 29 84 17 32 4 21 14 71 0 191 13 41 1 153 3 31 27 45 24 74 26 190 21 59 11 186 28 104 7 133 20 147 
16 155 17 69 12 157 3 185 20 165 14 51 27 73 10 136 19 171 8 28 4 109 25 47 29 168 21 100 6 184 13 30 22 194 28 193 15 85 9 165 23 103 1 181 11 12 0 12 26 101 7 159 24 41 2 181 5 40 18 4 
1 105 23 45 3 50 4 194 17 176 24 108 15 60 20 108 22 135 6 93 13 186 10 3 8 40 5 155 11 166 28 66 16 173 26 96 29 199 12 37 18 199 9 162 2 146 21 20 0 36 25 34 19 1 7 37 14 89 27 200 
14 71 29 186 19 73 12 146 6 98 13 109 18 157 28 20 25 115 8 41 17 160 24 192 10 73 15 24 11 158 1 37 27 77 5 2 2 90 0 173 9 89 21 169 23 106 26 162 16 29 20 36 3 20 4 111 7 108 22 200 
24 45 21 108 11 168 1 183 17 88 16 18 12 95 8 53 27 35 19 71 23 185 5 46 9 187 14 164 2 85 7 107 20 142 22 187 28 117 29 142 15 175 18 100 6 43 13 77 3 76 10 20 26 175 25 16 0 42 4 5 
26 168 25 106 21 20 9 145 19 129 28 83 8 145 22 119 0 193 29 23 1 141 27 38 18 81 2 196 13 117 3 46 12 149 20 161 5 175 14 102 11 148 6 29 7 9 17 31 15 141 4 50 16 158 10 144 23 43 24 142 
23 99 17 193 0 132 6 22 7 67 10 113 2 41 24 138 3 166 20 10 15 147 13 130 22 116 19 199 28 13 21 12 11 192 12 53 27 102 14 175 9 121 5 164 4 42 25 82 8 72 26 61 18 148 16 98 1 32 29 10 
16 43 0 171 19 167 13 130 18 175 26 149 2 30 4 116 21 91 24 8 29 99 12 145 28 89 6 113 23 13 3 156 15 138 22 123 10 31 14 180 27 162 5 130 17 70 25 48 7 163 1 32 11 189 8 72 20 125 9 120 
14 147 20 121 1 15 27 89 17 127 10 28 4 136 21 11 12 190 11 144 22 51 25 43 0 182 5 144 7 89 26 33 13 44 2 144 8 190 28 133 29 97 3 2 24 114 9 50 18 108 23 194 19 28 15 86 16 28 6 200 
18 199 7 179 25 178 6 144 16 167 11 76 3 87 5 163 14 150 13 64 10 96 15 83 27 191 8 95 4 81 23 4 2 145 24 30 12 99 20 49 28 66 0 105 19 6 1 32 26 4 17 54 29 150 21 53 22 86 9 85 
2 190 25 154 16 171 10 12 12 128 18 149 20 177 23 55 7 57 8 11 28 184 19 116 13 118 3 5 27 139 5 153 15 103 1 64 21 123 0 153 22 195 29 93 6 80 26 170 24 96 4 158 11 12 9 60 17 55 14 4 
10 8 29 80 26 59 14 30 3 102 0 169 20 78 15 34 2 97 4 178 11 40 21 97 12 59 6 172 13 143 23 10 28 164 17 50 25 160 7 103 8 188 19 4 27 54 16 93 9 186 1 76 5 62 24 191 18 107 22 162 
11 72 10 183 19 104 2 128 25 60 12 141 13 76 22 56 16 198 29 69 18 77 26 46 6 181 9 52 27 200 8 196 14 6 28 41 1 30 21 84 24 106 23 21 17 63 15 87 0 5 4 88 20 102 3 179 5 192 7 25 
16 92 0 178 15 6 10 84 11 113 13 98 19 116 14 131 3 13 20 76 5 165 22 35 29 137 6 152 25 55 17 130 24 145 12 120 2 171 27 180 1 82 26 151 23 199 8 193 18 96 4 19 28 72 21 128 9 50 7 136 
13 35 27 90 24 103 0 95 28 135 16 104 14 168 23 143 5 188 4 85 15 62 7 165 18 193 3 5 9 2 6 32 1 52 12 85 29 34 22 166 17 41 10 8 11 183 25 189 19 138 26 114 21 104 20 2 2 61 8 77 
22 96 17 69 1 9 4 104 13 71 6 200 16 100 12 98 19 169 21 122 14 134 18 40 0 144 23 37 27 163 10 73 7 111 3 109 28 84 26 149 9 33 29 109 15 75 2 84 20 55 11 50 5 25 24 71 8 63 25 154 
6 76 22 164 21 57 10 103 14 116 24 12 23 67 29 46 8 188 19 30 27 28 1 192 20 190 5 13 9 182 4 199 2 94 18 139 3 73 25 102 0 49 7 64 13 1 26 144 12 188 16 80 15 179 11 143 28 119 17 22 
23 84 16 34 28 18 15 192 13 169 17 65 0 195 10 184 27 184 5 79 14 85 19 83 25 30 20 37 2 197 11 29 22 187 3 162 24 157 26 128 29 111 6 65 1 143 21 36 9 152 4 18 18 181 8 65 7 72 12 66 
20 93 9 174 14 80 29 96 6 89 22 141 10 79 25 47 17 58 16 39 1 17 13 196 5 58 26 162 3 160 12 187 18 94 4 25 24 163 0 47 23 99 28 48 11 6 27 189 2 27 7 104 19 191 21 125 8 150 15 153 
1 93 0 48 21 136 12 86 11 129 7 23 5 116 18 198 2 151 17 185 25 78 16 180 13 61 3 67 6 36 28 59 24 44 22 13 23 110 19 95 27 158 29 16 14 184 8 10 4 169 26 45 10 197 9 62 20 35 15 98 
11 24 21 90 0 121 27 129 24 38 17 2 3 22 7 32 28 148 15 43 25 166 26 43 5 158 8 41 10 127 4 113 13 112 16 44 12 123 18 165 20 84 19 146 9 41 1 42 2 97 23 93 6 173 22 152 14 126 29 172 
27 1 5 78 25 123 7 3 1 75 17 180 12 132 14 71 3 83 6 12 20 74 15 143 24 139 18 182 29 8 8 103 2 168 22 145 16 60 23 25 13 102 11 152 4 89 19 38 9 20 21 42 28 50 0 16 26 94 10 74 
27 62 18 55 0 86 25 41 13 184 28 89 20 170 17 133 2 9 22 26 14 114 21 141 4 194 24 61 12 49 5 89 6 113 16 49 1 172 11 123 19 183 23 76 10 180 26 114 9 50 15 87 8 104 3 178 7 164 29 130 
17 196 25 24 6 130 15 80 10 167 12 15 13 82 27 192 3 85 16 41 11 25 28 77 9 65 24 81 29 106 4 34 21 196 0 138 2 124 7 4 20 180 5 111 23 154 19 61 22 89 26 97 1 195 14 19 18 79 8 93 
20 106 17 40 23 155 14 79 9 74 18 9 25 84 8 87 10 86 0 143 29 174 26 199 22 164 5 121 21 97 11 43 16 50 28 144 6 62 27 195 1 25 7 57 3 118 4 196 2 40 24 95 12 7 15 78 13 39 19 170 
8 189 28 80 7 12 5 17 0 73 18 27 11 107 23 15 25 11 2 15 14 176 12 166 21 62 15 173 29 111 6 102 20 56 24 55 13 161 22 191 27 197 26 157 1 83 19 124 3 191 10 154 4 139 17 147 16 29 9 5 
23 81 28 86 14 65 0 50 17 28 26 57 1 6 18 122 13 162 12 97 16 170 2 164 27 33 20 195 25 112 24 182 19 120 7 26 10 93 21 177 3 2 6 108 29 186 9 123 5 12 8 178 15 29 4 25 11 60 22 102 
8 137 15 41 11 29 25 121 19 148 1 197 6 193 18 125 26 31 3 111 13 102 29 116 10 164 0 109 22 34 17 195 20 150 24 80 2 69 12 191 23 124 7 49 21 8 16 27 5 86 9 98 14 114 4 151 28 79 27 125 
29 162 22 173 6 15 24 183 0 172 17 38 1 125 12 85 4 51 18 48 27 86 10 53 14 4 8 58 23 22 20 103 13 126 21 148 11 75 5 21 25 108 7 135 28 55 16 148 19 11 26 140 15 78 3 137 2 191 9 78 
29 26 3 175 16 96 22 45 5 96 7 165 25 166 6 149 11 53 27 175 28 103 14 30 1 171 17 144 19 61 8 30 20 171 21 132 4 155 10 182 2 155 24 167 23 185 15 148 0 52 26 62 9 21 13 107 18 175 12 65 
2 55 26 175 6 144 3 16 13 17 8 152 1 160 9 107 10 163 18 73 23 86 5 170 21 44 7 31 17 110 12 87 27 41 24 103 4 156 11 168 20 133 0 112 14 52 19 93 22 151 29 198 16 33 15 98 25 82 28 172 
26 72 29 97 5 4 27 189 17 170 4 125 6 77 9 66 20 111 25 101 1 11 24 53 11 102 2 153 0 23 22 146 19 18 28 149 12 63 21 57 14 138 18 75 3 121 23 111 7 12 13 116 15 44 10 8 16 40 8 57 
14 190 6 65 11 195 8 136 9 122 5 169 4 146 3 99 25 161 29 30 26 121 17 31 1 54 16 165 12 122 23 176 0 14 22 85 20 200 13 126 10 121 24 147 28 189 2 85 7 10 18 29 27 60 21 99 19 33 15 114 
6 149 23 122 27 196 29 195 14 24 0 17 4 151 11 185 16 144 7 196 8 4 10 2 2 99 28 147 21 127 26 24 20 184 3 47 24 8 15 58 13 87 12 49 17 143 1 70 5 197 18 33 9 85 22 180 25 200 19 151 
22 191 19 173 27 170 24 139 9 109 17 102 10 136 8 113 1 95 21 192 3 121 26 5 29 144 25 112 5 136 28 8 11 34 23 93 4 149 12 79 13 40 6 91 7 195 18 78 15 188 16 186 0 198 14 169 20 198 2 66 
2 97 10 36 21 4 24 125 28 170 17 82 29 42 5 158 27 16 0 73 25 19 7 95 19 72 16 4 18 118 13 163 20 120 26 41 15 140 11 73 23 116 8 190 3 107 9 161 14 53 6 34 22 198 12 65 4 45 1 150 
25 64 14 32 0 183 13 79 6 135 4 91 1 50 15 39 18 108 12 52 19 32 17 76 26 133 20 135 8 177 24 55 9 92 23 93 11 30 16 193 5 156 22 51 10 31 2 200 21 33 7 111 28 198 3 167 27 87 29 4 
8 165 12 30 7 139 21 114 3 90 29 34 13 63 24 197 17 156 5 42 25 102 23 88 14 153 10 167 2 165 22 85 0 4 9 152 15 142 16 87 1 119 28 188 11 11 20 110 26 11 6 196 27 161 4 190 19 147 18 153 
3 37 23 86 16 2 8 186 19 159 20 54 0 75 2 148 10 78 17 108 5 72 22 156 21 32 13 35 24 100 15 51 14 28 18 92 11 139 9 156 1 61 26 5 29 196 4 97 7 188 6 97 12 102 28 116 25 192 27 61 
29 95 13 120 24 194 3 93 25 194 28 167 19 142 27 74 5 117 14 77 1 42 16 68 0 172 8 182 10 94 4 21 22 150 7 39 15 35 9 46 6 125 18 19 11 147 23 151 2 58 17 200 26 156 12 81 21 93 20 130 
7 186 1 6 9 199 14 93 3 145 25 183 27 194 2 200 10 70 18 190 20 149 28 62 4 108 5 149 11 143 15 90 0 176 19 32 6 165 26 20 21 106 8 146 29 17 16 147 17 107 22 119 13 22 12 29 23 152 24 75 
8 106 0 3 1 98 15 55 3 83 10 152 12 145 5 60 24 124 29 41 26 107 2 60 7 22 22 173 23 147 18 43 4 140 11 176 17 41 21 160 28 2 16 41 14 184 27 15 9 108 20 108 25 111 13 106 6 145 19 119 
18 54 14 131 29 196 20 105 22 188 15 98 26 43 23 116 0 73 10 180 3 194 16 54 24 155 13 103 4 162 25 100 5 41 11 189 2 189 1 74 8 43 27 145 21 56 28 4 7 123 17 165 12 196 19 46 6 133 9 113 
20 167 15 35 14 59 6 1 12 151 23 117 3 98 0 53 26 198 8 68 28 55 29 3 22 42 7 67 13 58 24 74 2 71 9 162 5 131 1 197 10 15 4 9 16 196 11 16 19 170 18 196 17 89 21 9 27 193 25 59 
26 98 28 101 27 164 14 25 22 64 10 28 16 153 7 47 4 190 19 41 21 134 20 77 29 1 1 178 15 189 3 30 23 121 8 67 13 21 12 75 17 194 5 89 2 11 18 118 9 124 11 159 25 96 0 23 24 95 6 7 
28 188 6 67 7 158 26 13 8 4 22 92 20 128 12 4 19 179 1 1 13 113 24 100 29 186 10 73 3 177 15 6 21 38 17 49 2 71 25 53 14 4 0 58 27 197 4 62 9 41 5 87 11 134 23 134 16 174 18 177 
25 19 5 57 10 75 6 12 17 74 29 29 11 76 15 122 13 1 23 196 14 78 9 8 4 8 26 18 28 37 16 35 21 141 20 116 22 58 2 13 12 61 7 8 0 1 8 139 1 53 3 167 27 117 19 180 18 80 24 72 
24 173 23 42 12 70 9 24 5 53 29 90 11 85 8 186 25 60 0 68 21 138 22 157 14 127 3 170 7 10 4 183 15 80 2 102 20 162 28 19 6 15 1 52 26 22 10 20 17 68 13 134 19 182 16 52 27 159 18 196 
8 124 14 190 17 131 23 151 25 37 5 108 28 53 0 71 15 124 2 97 11 192 4 2 6 77 27 170 13 161 10 37 26 158 7 137 29 61 3 114 16 52 19 175 24 142 9 78 18 171 22 33 20 105 12 79 21 111 1 49 
16 142 25 17 26 190 14 154 24 120 1 63 17 89 6 171 12 100 7 16 2 79 18 21 23 152 10 105 19 20 22 144 9 69 15 95 28 195 8 90 3 178 0 102 13 19 20 66 21 100 29 68 4 41 11 47 27 60 5 190 
5 62 17 157 27 93 4 69 2 77 3 34 9 143 13 20 22 143 18 6 7 151 15 52 0 98 20 96 26 114 21 52 24 178 25 64 1 18 11 139 12 167 14 84 19 47 16 182 29 119 10 174 23 48 6 108 8 16 28 88 
23 120 20 134 15 76 16 177 4 118 19 79 22 55 25 159 1 45 21 181 9 16 6 171 11 193 18 75 24 52 8 108 0 104 27 132 10 53 26 117 2 14 17 149 29 123 14 177 28 138 13 19 7 177 5 138 3 35 12 91 
28 38 5 11 19 142 6 63 12 61 27 4 8 117 1 76 0 11 23 85 9 55 29 136 24 99 3 75 20 137 10 75 7 119 21 111 4 147 13 74 17 88 25 110 14 107 11 47 16 50 2 188 18 30 26 65 15 59 22 112 
6 170 24 65 14 158 18 186 5 85 27 121 16 109 15 123 20 179 4 16 21 89 25 66 10 55 9 166 28 141 13 56 17 191 26 92 1 112 11 159 7 139 0 179 2 138 23 183 3 145 12 62 19 143 29 163 8 169 22 196 
2 197 24 33 13 86 21 180 26 137 11 20 6 163 19 153 0 189 5 57 22 83 9 173 4 73 17 48 7 154 12 9 20 163 16 146 27 34 3 72 25 44 1 182 15 97 23 181 14 95 29 20 18 193 10 58 28 165 8 3 
23 124 14 125 28 100 0 156 21 85 27 22 11 112 4 181 29 11 1 15 9 83 7 84 24 108 10 29 19 4 15 17 5 23 26 109 20 64 22 12 6 129 2 11 12 101 18 199 3 99 8 57 25 64 17 195 13 70 16 191 
25 31 8 71 5 106 12 59 22 102 4 86 18 38 20 57 3 66 16 36 27 96 23 153 7 3 14 151 1 150 2 91 17 111 0 6 10 138 15 69 26 68 21 125 24 159 9 137 29 89 19 32 28 182 13 93 6 197 11 191 
4 177 13 86 7 33 5 43 14 23 12 72 24 34 9 27 16 30 26 70 6 132 25 19 3 96 28 17 15 79 22 101 27 182 29 34 23 153 2 139 21 196 0 175 20 26 1 97 17 63 19 110 18 187 10 82 11 83 8 74 
26 59 20 26 25 196 28 148 11 29 10 33 16 119 0 138 4 174 17 106 6 74 19 1 7 166 14 199 29 60 15 130 27 186 24 41 5 198 13 12 2 176 21 126 12 140 22 104 1 65 8 103 9 111 23 51 3 106 18 165 
3 65 1 23 26 34 22 151 25 120 10 37 27 50 11 182 2 29 15 19 21 31 7 58 14 126 12 186 18 132 6 71 5 188 29 34 24 122 20 96 0 51 16 61 9 133 4 162 13 25 17 127 28 123 19 49 23 123 8 178 
16 170 24 142 21 3 27 19 28 195 15 72 9 12 23 55 3 174 8 194 4 23 17 138 6 191 10 106 7 158 26 149 20 60 19 197 1 103 18 140 5 57 13 74 14 187 2 75 11 20 29 29 25 91 12 75 0 149 22 71 
28 85 10 9 6 144 14 44 23 34 18 146 8 148 7 133 25 72 26 9 1 130 21 183 11 117 0 103 12 188 27 81 16 99 20 186 22 31 13 102 5 158 24 9 17 121 9 40 2 20 19 57 4 9 15 157 29 69 3 110 
26 153 15 121 1 44 4 39 6 131 9 55 23 117 5 109 11 129 19 127 18 86 28 172 24 117 0 38 13 184 27 79 20 108 17 63 14 58 21 62 2 72 3 145 29 197 12 81 16 32 25 9 22 19 8 196 10 123 7 97 
12 134 6 68 21 133 18 35 11 57 3 189 4 82 28 117 8 198 10 29 26 173 9 36 16 77 17 171 19 89 1 131 25 179 0 30 7 96 23 144 24 117 20 47 13 197 27 94 29 108 15 91 14 170 5 184 2 16 22 189 
11 127 23 40 29 64 10 37 9 2 22 5 2 8 0 91 5 117 12 157 16 71 4 98 13 146 19 2 3 116 14 21 7 58 18 113 20 102 1 119 15 72 6 119 28 16 27 98 25 79 24 187 26 124 17 142 21 30 8 91 

