90 35
21 116 5 81 27 16 4 10 6 70 2 10 33 75 8 146 7 2 20 154 18 143 0 127 22 47 19 54 25 74 11 39 9 146 15 38 17 174 12 22 14 69 1 94 32 177 24 137 30 19 26 82 3 196 10 73 31 183 28 39 13 37 34 166 29 149 16 128 23 189 
1 101 15 116 17 56 23 185 4 18 16 165 5 3 27 179 8 160 19 25 33 195 18 23 9 63 3 18 22 82 10 35 21 52 29 12 32 140 6 122 34 20 30 132 12 75 31 126 14 57 0 57 26 92 2 189 20 139 24 29 11 37 13 33 28 187 25 79 7 187 
25 36 16 105 18 90 24 10 14 38 7 72 9 59 1 196 29 39 4 103 33 103 3 109 12 199 6 144 34 161 0 12 23 79 10 58 30 110 21 177 19 22 32 150 11 90 8 65 31 142 27 26 28 123 5 78 15 79 20 180 17 61 13 166 22 29 2 177 26 10 
19 102 1 72 15 32 28 195 27 134 2 112 0 187 3 109 14 49 20 97 12 75 11 197 18 1 34 39 33 6 13 165 26 36 17 10 25 128 21 178 30 9 22 180 32 183 4 68 23 104 10 178 8 155 6 172 24 109 5 94 31 45 16 148 29 195 9 99 7 1 
23 48 16 82 2 3 9 44 32 135 24 165 25 12 11 107 30 131 18 2 33 43 29 19 19 7 3 71 31 30 17 55 6 24 21 73 13 122 27 199 34 88 7 52 8 169 22 188 26 53 20 186 0 36 28 77 14 105 5 67 15 129 12 128 10 1 4 156 1 47 
32 67 19 12 2 78 7 28 28 80 9 123 0 199 23 173 26 80 30 99 6 102 33 35 13 10 15 6 22 121 16 178 34 132 4 42 31 37 10 146 17 42 24 24 27 168 11 134 25 50 14 15 5 176 21 150 8 107 18 154 12 199 29 62 20 164 1 52 3 22 
1 141 3 9 2 108 17 119 27 77 16 158 0 86 22 129 25 49 20 128 8 42 34 169 7 185 19 182 33 167 24 169 4 117 26 36 13 2 23 107 28 134 31 26 21 63 6 174 30 193 9 154 12 71 32 144 15 25 11 62 18 54 14 21 10 95 5 88 29 12 
23 46 0 35 2 99 16 79 15 87 20 75 30 49 28 69 25 60 1 142 31 55 33 3 12 45 9 30 29 150 24 14 34 87 10 157 5 48 8 96 18 34 14 47 19 30 32 186 17 111 4 59 3 93 26 170 21 177 6 33 22 54 7 184 13 41 11 129 27 169 
0 157 2 199 1 152 27 167 9 131 6 11 32 115 18 14 23 175 21 146 31 149 11 5 8 185 25 135 29 26 7 13 28 37 15 127 33 49 16 178 24 165 5 184 4 108 26 12 20 113 13 61 34 54 30 175 17 175 14 138 19 103 22 43 12 42 3 152 10 61 
9 192 28 185 24 15 21 176 3 193 16 199 15 25 12 90 25 7 17 164 30 92 5 198 34 7 19 49 8 137 0 189 14 36 31 41 27 184 18 194 1 156 10 198 26 33 33 135 6 78 4 14 22 82 11 134 32 81 23 2 7 18 2 197 13 199 29 51 20 112 
0 8 25 160 12 5 34 74 19 31 8 169 26 62 4 197 10 25 24 180 28 114 13 183 20 95 9 114 15 26 14 192 23 119 31 198 21 120 5 177 11 117 33 103 6 80 16 92 1 176 7 191 29 41 17 173 32 34 2 91 3 110 27 11 22 65 30 143 18 50 
2 90 27 193 5 159 11 89 9 105 3 105 26 67 22 190 0 191 10 44 14 106 21 120 13 198 34 171 31 109 29 4 6 198 15 60 33 188 19 8 28 134 16 183 17 171 8 53 24 91 1 166 12 55 23 156 7 8 4 57 30 171 25 4 32 160 20 187 18 82 
18 26 28 157 25 189 32 12 1 39 10 83 33 123 23 148 11 89 15 64 17 96 13 150 21 71 0 120 16 56 19 105 9 169 14 196 20 129 4 169 34 119 3 34 7 162 29 182 22 23 12 42 27 48 2 78 6 179 24 118 30 38 8 109 5 70 31 64 26 43 
11 131 25 121 27 165 12 95 34 28 7 70 16 182 32 188 2 156 29 82 19 149 21 24 6 198 18 64 13 76 28 52 31 12 20 175 26 54 33 132 30 48 3 197 1 139 17 30 22 42 23 180 14 158 8 60 9 114 15 156 4 198 24 3 10 121 0 90 5 167 
30 165 17 104 10 188 7 175 15 128 5 122 12 110 33 124 18 131 28 38 6 72 2 56 8 156 23 178 29 21 14 168 20 27 9 13 0 98 4 162 16 72 25 76 19 34 32 169 21 76 26 192 3 89 1 62 27 48 22 23 34 4 13 47 24 39 31 41 11 168 
11 64 34 19 18 90 0 109 6 33 4 145 24 148 29 152 28 40 32 186 19 1 15 24 17 200 9 8 3 79 25 33 16 17 12 127 33 165 8 119 22 101 23 127 5 179 1 152 26 58 13 17 14 84 31 128 21 93 20 48 27 18 2 177 7 160 30 164 10 66 
4 31 21 37 15 156 11 137 2 60 16 191 20 121 1 110 28 88 9 26 22 140 18 163 34 197 14 156 5 158 32 65 0 185 27 65 30 178 25 25 6 84 12 147 29 55 33 8 8 14 3 76 24 157 7 173 26 58 31 40 17 120 10 77 13 77 23 65 19 122 
21 147 9 101 6 70 24 52 28 130 13 131 31 82 3 56 19 129 32 77 7 114 12 44 34 44 1 97 15 195 14 141 2 13 4 28 26 164 27 40 16 88 10 84 23 74 5 12 20 163 29 47 30 60 18 157 22 87 25 47 0 7 8 47 33 189 11 154 17 94 
15 138 22 93 33 35 31 24 7 122 17 91 25 156 14 132 10 16 1 108 12 142 23 135 5 24 28 141 26 53 9 24 29 164 8 84 27 10 11 91 4 187 18 51 32 129 3 153 20 182 21 181 13 175 24 76 30 146 16 183 34 196 2 127 6 31 19 71 0 121 
1 130 20 183 2 174 32 173 19 63 13 87 12 166 5 73 18 146 22 191 6 167 21 71 4 184 24 111 9 186 27 175 34 191 31 155 15 142 28 36 11 160 0 84 7 128 16 55 29 101 33 115 30 149 23 2 14 166 26 51 25 59 10 199 3 149 8 9 17 159 
24 17 29 42 3 87 18 128 22 161 6 130 19 183 21 162 20 101 27 173 33 119 16 120 34 44 11 38 15 105 31 51 30 156 10 57 4 182 25 102 2 23 17 168 23 184 14 137 13 22 8 3 9 51 1 108 26 92 5 93 28 140 7 55 12 145 0 73 32 191 
19 185 5 102 8 170 22 115 12 85 27 78 28 123 18 59 33 34 32 10 4 95 2 29 25 81 31 124 3 150 14 102 34 124 0 17 10 118 15 48 20 29 7 91 11 165 24 60 1 92 6 171 23 130 16 195 29 6 17 34 9 157 13 43 21 169 26 84 30 44 
15 104 1 123 20 189 27 199 12 60 16 59 7 154 33 182 34 34 31 94 0 112 28 146 14 171 29 13 26 175 13 185 4 157 8 133 11 188 24 25 17 83 22 4 21 76 6 80 25 9 10 148 19 192 3 2 23 54 5 39 18 33 2 148 32 191 30 25 9 25 
0 169 1 59 18 104 8 180 16 120 7 176 4 14 25 21 32 35 33 166 28 115 15 192 13 128 26 161 14 24 12 108 22 15 6 166 3 8 10 170 23 67 24 9 5 87 17 16 11 145 29 155 2 51 27 22 30 153 20 127 31 100 9 60 19 123 34 110 21 86 
20 87 17 15 11 170 29 109 14 27 22 1 13 148 23 161 16 4 24 17 19 12 33 105 21 128 28 162 18 39 15 148 6 152 31 116 10 40 8 20 7 101 3 59 5 35 27 194 4 183 30 16 26 190 32 155 25 24 2 10 12 36 0 87 1 62 34 139 9 174 
9 88 28 152 27 124 22 140 32 184 30 75 29 88 1 135 17 145 26 33 25 71 11 92 0 88 15 78 33 88 14 39 10 113 31 87 34 147 21 159 12 16 19 139 5 40 7 129 13 43 23 188 18 149 3 92 4 30 8 190 24 119 20 66 2 116 16 58 6 163 
23 93 27 67 3 32 29 175 5 6 24 144 6 120 25 148 28 3 12 188 21 170 13 165 16 3 2 106 22 28 31 75 0 142 1 139 9 85 30 50 10 117 7 56 20 67 32 198 26 21 19 112 18 6 4 157 14 173 17 58 11 100 8 67 34 200 15 43 33 107 
20 132 2 58 29 169 3 180 13 81 25 36 9 189 32 183 8 143 22 12 21 90 28 50 33 51 7 183 18 90 1 51 16 174 14 25 15 142 11 116 23 178 19 154 6 8 26 143 27 90 34 129 30 170 10 93 5 163 0 38 17 90 24 145 12 122 31 169 4 92 
27 181 26 62 19 106 13 89 10 145 30 139 15 49 14 56 6 173 23 199 24 195 34 130 3 181 4 143 28 177 17 153 18 105 20 36 22 104 25 116 29 6 31 183 7 64 0 118 21 91 5 79 12 58 9 105 16 176 2 180 1 118 11 166 33 195 8 56 32 25 
26 151 25 67 33 45 31 197 23 63 0 155 4 135 14 91 24 148 7 9 8 1 27 72 9 194 16 163 30 71 19 163 15 191 12 185 5 58 21 200 22 53 10 60 28 113 18 182 3 183 29 178 13 30 2 102 17 194 6 147 11 57 20 109 34 143 1 68 32 171 
30 133 5 46 9 91 24 54 18 6 17 101 32 26 0 137 12 26 25 40 6 174 27 31 20 105 26 180 16 58 8 168 2 187 7 191 1 67 11 39 23 65 10 39 29 69 34 130 33 159 31 74 21 32 28 159 22 75 3 182 15 187 14 43 13 134 4 100 19 54 
32 195 22 180 11 104 31 102 26 157 33 85 1 79 2 169 6 6 25 199 29 21 4 11 3 41 21 164 27 36 30 58 7 191 16 5 28 54 10 78 34 155 24 70 18 62 19 85 15 44 23 52 5 56 14 89 20 90 13 98 9 179 0 185 17 182 12 41 8 200 
4 182 13 166 10 93 21 58 14 197 29 107 12 150 32 20 2 9 1 16 0 22 28 31 3 69 27 161 25 125 8 12 6 32 23 128 30 150 20 153 9 174 18 171 33 32 34 70 19 13 16 70 22 198 11 173 31 178 26 21 5 144 17 140 15 167 24 112 7 45 
10 59 14 86 27 83 21 103 29 86 30 131 32 58 25 42 18 138 17 170 20 139 12 195 28 167 9 26 19 105 13 37 0 64 24 21 33 56 5 76 4 108 7 161 34 101 26 33 1 190 31 149 16 147 3 47 6 47 8 56 2 188 11 2 15 67 22 107 23 10 
28 126 10 121 5 174 23 15 31 167 24 22 3 184 4 133 32 30 8 140 25 168 19 29 17 91 2 124 34 18 11 111 26 177 15 140 0 35 18 37 6 85 16 187 29 10 20 160 14 96 30 162 27 41 1 164 33 9 12 37 13 193 22 118 9 198 7 119 21 37 
17 139 0 151 6 87 23 13 29 52 15 77 26 148 28 177 13 184 33 149 7 30 30 101 4 18 16 91 5 150 3 85 31 58 32 57 24 101 34 87 14 200 2 167 18 1 27 58 22 160 25 163 9 57 11 59 8 101 19 83 1 53 12 12 21 164 20 145 10 23 
3 77 10 54 27 199 13 138 7 106 32 162 29 173 28 23 15 123 30 162 9 3 0 189 21 142 2 137 18 155 22 41 17 132 34 178 1 33 19 195 20 68 33 122 6 59 26 148 14 127 4 96 5 160 12 170 31 108 23 121 25 143 8 67 16 96 24 188 11 145 
29 71 10 83 20 63 31 175 17 104 27 87 18 20 6 142 15 103 19 131 11 64 7 131 13 140 23 134 22 47 21 54 0 191 28 144 3 179 32 122 12 125 5 24 24 32 26 154 1 135 2 107 16 90 4 57 9 6 14 104 8 136 33 9 34 94 25 20 30 106 
11 167 29 180 6 59 2 89 30 54 4 70 10 3 14 21 0 182 33 4 34 119 32 74 18 70 5 12 26 38 27 74 31 182 13 80 25 150 19 46 16 119 22 28 9 82 12 109 23 186 1 198 20 120 28 134 8 182 17 169 7 32 24 108 15 70 3 179 21 12 
26 175 30 192 33 36 13 170 27 155 0 50 25 134 5 166 23 14 12 45 29 58 3 74 6 49 31 197 1 48 15 50 21 88 19 101 7 67 10 84 16 4 24 129 17 194 4 34 8 64 22 47 32 172 34 63 2 184 18 66 9 118 20 26 11 166 14 32 28 122 
7 48 33 56 32 171 24 110 20 190 30 134 11 190 10 64 5 132 0 157 8 75 16 37 2 7 21 68 19 96 26 158 13 101 15 36 31 194 22 38 6 180 12 12 9 59 18 73 25 70 1 100 34 87 4 141 28 64 3 192 29 173 14 40 17 140 23 126 27 107 
0 193 29 24 1 121 15 161 31 195 6 107 19 138 16 73 5 57 20 59 12 183 33 198 14 169 24 155 9 186 22 78 2 113 26 187 25 88 27 172 10 147 23 198 7 102 17 184 34 92 32 7 30 149 21 30 18 151 8 189 3 75 11 62 28 33 13 44 4 43 
26 33 25 152 1 148 23 55 24 79 2 1 13 92 17 71 20 200 14 108 21 8 34 140 9 39 12 47 0 35 8 149 3 125 29 166 15 120 10 53 22 134 18 133 30 16 5 76 33 192 6 177 16 26 11 131 32 18 7 14 28 65 27 16 31 194 4 138 19 36 
8 26 23 54 27 12 24 160 1 167 21 31 19 57 32 106 4 43 11 170 25 108 14 162 16 127 20 189 18 53 12 24 29 1 33 137 0 2 22 26 13 179 10 167 30 30 31 74 5 12 6 195 9 162 26 58 15 140 34 131 7 95 2 133 17 42 3 78 28 186 
29 161 23 143 21 79 22 45 33 65 14 18 5 85 4 116 15 185 9 157 25 4 17 135 24 149 12 24 32 96 34 188 31 64 6 175 20 41 2 181 27 120 13 115 19 85 3 182 11 127 26 44 0 98 28 34 30 74 10 200 18 64 1 17 16 5 8 131 7 173 
8 191 5 73 21 105 6 187 22 68 10 27 25 25 16 82 15 181 19 13 31 141 17 170 33 186 4 195 0 117 18 179 34 112 32 79 9 16 7 109 24 90 3 173 28 83 14 26 11 111 27 32 30 180 20 125 12 118 2 134 1 36 13 63 26 90 29 137 23 48 
14 179 17 33 33 176 30 45 34 32 19 120 8 11 26 124 0 84 31 46 6 54 1 20 24 8 12 66 7 28 9 4 5 117 20 135 4 20 2 92 22 164 25 117 28 89 11 34 32 30 18 64 23 2 16 132 3 50 21 187 29 160 27 48 15 92 10 48 13 78 
26 125 8 91 21 164 17 141 27 114 25 2 2 189 23 44 24 3 19 124 7 186 34 144 13 13 20 61 6 87 11 50 0 142 5 12 15 197 31 22 12 100 30 84 28 74 10 98 22 177 1 192 4 64 3 95 18 110 32 44 33 199 29 4 14 58 9 136 16 35 
28 181 1 128 17 39 12 87 19 8 29 65 20 97 5 21 34 76 24 81 32 2 15 58 9 152 14 88 27 72 25 186 2 65 0 14 31 134 11 6 3 6 26 2 22 10 4 123 18 53 13 199 23 168 6 19 21 85 33 7 7 24 16 190 10 145 30 55 8 126 
24 165 31 58 0 190 15 48 22 156 2 4 18 122 3 97 14 8 10 32 16 182 25 55 20 80 7 108 12 42 19 116 28 156 27 123 4 54 5 100 29 18 34 171 17 77 30 167 21 12 13 56 9 152 8 159 26 144 1 196 32 136 6 54 33 18 11 124 23 89 
21 138 17 78 34 140 10 3 14 28 33 153 24 46 27 185 5 147 4 194 3 79 19 180 16 28 0 30 12 45 6 175 9 174 25 4 8 47 7 83 11 93 15 7 20 186 30 11 29 182 31 153 1 74 32 175 18 1 13 185 22 26 28 173 23 91 26 41 2 67 
28 138 23 4 6 19 26 176 25 200 2 36 12 175 22 107 0 93 7 188 24 178 8 80 27 43 1 73 10 180 15 134 14 71 21 153 17 161 34 28 4 15 31 182 3 169 30 129 33 101 11 151 20 134 13 48 9 89 16 1 32 59 18 60 19 83 29 169 5 103 
5 69 21 158 29 40 15 65 30 149 25 81 3 120 7 118 13 59 32 188 4 9 27 144 33 7 28 153 0 119 26 164 20 96 2 100 16 43 34 197 8 22 11 128 12 39 19 37 18 23 9 151 1 110 24 125 14 172 31 66 17 187 6 84 10 181 23 139 22 61 
5 150 22 10 12 173 15 121 21 14 6 46 25 31 27 136 7 56 30 198 1 107 32 48 17 170 2 145 24 73 8 43 23 84 13 174 0 143 26 144 29 49 16 163 14 194 20 87 34 98 11 52 19 132 31 7 10 30 28 16 3 89 4 47 18 53 9 2 33 122 
2 104 21 42 15 114 14 7 24 98 31 113 19 186 12 39 26 129 33 128 10 49 9 19 27 162 3 101 0 182 34 145 23 101 29 192 4 94 13 40 25 25 17 174 30 83 1 113 20 191 8 94 6 4 11 26 28 167 5 99 22 157 7 44 32 82 18 167 16 166 
25 27 12 23 7 149 29 58 32 69 20 185 28 96 13 51 16 27 26 118 23 109 4 119 5 146 6 31 3 156 34 59 33 59 18 44 22 95 11 31 24 11 10 35 8 12 14 48 15 94 1 93 30 33 2 130 19 102 21 179 31 195 9 75 0 150 17 151 27 167 
5 88 27 165 28 154 29 72 24 181 15 177 9 127 34 153 22 165 30 171 7 169 12 52 17 70 0 39 6 115 21 64 23 150 2 105 16 177 33 88 4 105 3 135 11 51 13 95 10 32 14 134 26 184 19 165 25 144 31 55 20 132 18 17 32 47 1 35 8 91 
19 159 29 189 2 97 1 27 7 12 26 84 11 155 23 143 12 146 15 56 27 51 17 145 0 57 30 184 20 36 33 16 31 152 24 168 21 144 3 115 32 99 22 194 4 47 8 82 10 34 25 142 16 92 18 13 6 44 9 173 34 161 28 129 5 83 14 20 13 142 
5 87 0 35 16 196 20 93 10 188 26 123 2 96 9 58 29 111 15 185 13 173 6 172 14 112 11 137 8 166 18 200 25 98 34 75 12 60 22 22 1 61 17 83 33 156 32 147 27 151 24 26 31 21 7 167 3 38 23 153 30 48 4 22 28 11 21 42 19 22 
13 32 19 46 14 15 11 127 27 151 34 58 16 190 2 38 21 170 15 138 7 97 24 53 28 119 33 132 8 176 22 37 20 164 1 79 10 116 32 41 26 130 23 136 12 195 3 107 4 103 18 28 30 15 6 21 0 72 25 48 29 9 17 121 9 162 31 71 5 179 
19 167 4 100 23 132 18 83 2 156 3 81 26 148 11 30 22 190 13 43 21 50 1 184 28 87 5 29 17 37 6 93 15 184 16 152 29 66 14 6 30 159 25 122 33 185 24 169 8 141 12 91 0 13 20 126 9 69 7 86 34 159 32 148 10 58 27 167 31 118 
14 150 15 42 33 199 20 114 31 62 25 5 6 125 9 18 2 180 5 11 16 49 34 85 26 119 22 146 11 69 8 24 29 12 7 115 0 176 32 104 17 95 19 132 27 175 18 173 10 1 21 113 3 137 1 165 23 92 13 165 30 133 4 29 24 93 28 56 12 154 
24 12 28 110 4 123 5 54 10 9 30 176 7 44 22 61 3 17 32 120 17 86 26 189 33 99 2 127 29 150 15 152 31 24 21 125 11 56 20 91 8 121 0 79 34 189 25 11 6 25 18 118 12 45 1 15 16 20 19 105 14 83 13 140 23 62 9 25 27 110 
11 9 25 185 26 137 34 175 14 171 13 81 18 149 20 71 32 167 1 111 33 116 23 113 6 127 5 184 0 18 28 19 12 13 22 185 16 29 2 61 15 49 27 14 8 90 31 179 3 192 10 54 24 117 19 96 7 100 17 23 30 16 9 26 29 199 4 9 21 62 
17 25 15 32 1 4 21 108 9 18 5 171 26 148 12 159 0 81 22 124 24 145 6 103 4 22 31 153 27 189 33 102 34 67 19 200 14 153 32 136 13 129 23 67 3 191 18 41 29 182 28 163 20 137 30 150 11 138 25 167 8 151 16 21 7 109 10 25 2 55 
3 104 33 63 4 197 29 158 28 40 21 102 8 41 15 38 2 177 24 18 6 150 10 185 1 93 17 80 27 105 16 162 14 118 23 114 9 54 30 18 34 116 32 191 13 17 18 123 19 92 20 59 0 51 11 49 26 25 5 184 12 56 22 21 25 116 31 62 7 150 
28 158 26 87 8 99 17 32 20 136 12 89 0 81 24 12 23 36 9 173 19 183 29 24 33 60 5 146 10 34 18 198 30 72 15 167 14 154 34 54 16 86 2 55 22 95 7 48 6 138 27 125 3 9 11 103 1 62 31 87 25 184 4 161 13 134 21 109 32 190 
11 160 17 18 20 79 12 174 16 84 34 101 26 80 21 103 6 19 8 104 22 56 18 159 0 161 2 38 25 136 15 122 14 55 31 24 28 72 24 4 5 100 29 181 9 190 19 167 10 91 27 124 23 105 3 133 33 34 32 172 4 15 30 60 7 126 13 191 1 37 
32 156 4 79 7 27 23 104 9 104 17 54 15 197 5 121 30 57 13 12 18 75 3 199 2 104 16 165 25 184 28 173 10 163 22 132 21 140 8 172 6 2 31 154 20 140 0 194 24 145 14 72 12 132 33 137 29 58 1 182 11 51 34 117 19 125 27 107 26 169 
2 7 25 162 23 135 7 160 14 124 11 134 0 105 13 114 8 95 31 90 5 4 6 40 4 20 27 90 10 22 3 55 29 82 1 86 15 90 21 90 26 99 20 46 30 52 32 65 16 29 24 47 22 72 19 54 12 5 17 36 34 165 18 82 9 162 28 90 33 96 
23 127 18 12 21 192 22 65 14 27 16 83 27 73 9 8 12 16 28 48 1 41 34 66 19 61 31 9 25 118 33 84 3 38 13 40 8 175 24 16 15 134 29 31 17 175 10 200 32 43 2 139 5 146 26 11 6 68 30 27 11 37 7 18 0 176 20 58 4 179 
5 11 10 86 8 16 34 16 21 111 30 41 7 38 19 65 9 23 6 56 15 65 4 110 26 173 23 129 20 41 33 100 3 140 31 193 12 195 16 27 25 97 1 140 24 30 2 17 29 79 22 114 18 32 0 169 17 35 32 156 13 184 11 33 28 135 14 136 27 52 
19 58 29 77 22 141 13 31 6 15 32 113 33 147 7 141 14 101 27 191 8 177 2 108 25 60 30 85 11 163 20 27 10 188 18 78 24 132 1 176 34 115 15 86 21 9 3 23 26 125 5 156 0 31 17 167 12 7 16 145 9 33 28 39 4 145 23 27 31 132 
18 31 8 181 21 157 24 72 6 114 26 40 27 132 4 174 9 126 0 49 23 72 32 88 20 113 12 104 13 79 1 21 2 133 33 165 14 49 3 185 10 74 34 11 28 78 5 92 7 48 16 127 30 87 29 196 22 96 31 178 19 191 15 43 25 72 17 128 11 40 
3 59 4 103 8 189 9 143 15 60 26 96 19 84 28 102 29 116 10 91 30 14 20 35 17 26 23 169 22 19 18 46 24 113 34 154 7 44 0 139 33 143 12 41 27 9 1 89 31 29 14 35 11 156 5 168 21 187 16 192 13 52 32 106 25 162 6 176 2 41 
19 159 33 83 12 169 23 59 25 170 3 90 2 108 5 112 22 190 1 30 18 141 14 192 28 176 11 172 30 130 4 7 0 2 8 113 27 6 6 61 9 186 24 67 10 160 15 107 29 84 13 56 21 60 20 37 32 81 31 122 7 68 26 131 17 184 34 95 16 117 
30 20 4 13 10 141 9 38 25 104 12 62 17 59 5 197 29 20 34 182 18 100 31 148 15 84 20 24 6 18 32 63 28 42 22 78 8 6 14 5 21 30 33 3 7 52 13 108 1 73 23 15 26 60 2 171 3 97 11 103 27 17 24 182 16 183 0 110 19 57 
28 105 9 93 25 91 23 122 18 138 26 13 27 173 13 195 21 56 15 109 7 31 31 132 6 53 1 93 11 54 34 16 0 68 30 33 12 173 22 92 3 25 14 6 20 157 16 36 10 42 32 86 29 119 4 18 17 195 24 57 19 115 2 53 5 67 8 11 33 6 
9 130 19 142 20 20 23 112 12 15 3 14 25 64 30 105 14 82 16 195 24 166 29 189 18 183 13 24 8 159 7 181 27 22 22 20 28 1 32 45 31 1 17 103 21 124 1 181 34 194 4 84 6 21 11 149 5 138 26 79 10 153 0 97 33 41 15 156 2 79 
21 139 11 10 29 87 5 63 26 39 3 141 14 164 15 73 27 119 22 85 8 198 17 51 6 40 33 180 34 164 12 15 2 124 20 72 4 149 7 179 19 145 9 12 31 184 32 93 10 93 1 24 24 170 30 196 13 59 28 18 0 44 16 53 23 151 18 159 25 41 
11 129 27 125 28 75 34 157 15 189 16 153 4 118 13 152 12 56 30 37 26 121 19 22 8 93 25 174 23 179 22 136 24 90 7 6 10 97 6 167 9 145 29 160 3 67 21 46 32 18 17 167 20 130 31 63 1 124 18 182 14 178 2 139 33 102 0 92 5 79 
23 76 28 166 0 81 16 22 32 179 17 66 31 42 15 190 3 154 10 40 33 169 24 118 11 83 19 10 14 93 9 109 22 1 13 57 1 72 8 143 34 178 4 143 18 20 2 65 12 139 29 175 25 64 27 146 20 78 5 175 7 1 30 115 26 183 6 102 21 142 
5 59 3 166 28 188 27 4 19 192 20 183 4 49 12 52 13 48 22 102 32 40 15 108 11 3 6 110 0 4 30 36 9 127 24 189 34 191 10 41 2 171 18 123 29 40 23 55 17 47 16 13 7 158 1 186 31 15 14 100 33 26 8 200 26 97 21 165 25 132 
1 48 11 93 14 37 17 116 13 8 16 115 22 147 12 183 32 10 4 145 3 79 18 20 0 175 34 153 24 130 26 188 2 76 30 108 5 67 20 13 19 19 27 49 25 158 10 172 23 144 28 159 8 191 7 52 21 132 31 95 29 185 9 64 6 159 15 63 33 154 
9 154 14 82 8 83 2 68 23 42 11 153 33 168 7 14 27 21 15 133 31 47 28 123 30 143 3 48 32 113 16 103 1 94 22 2 4 182 5 91 26 140 25 8 21 126 17 14 10 46 6 196 13 38 29 55 12 190 0 34 18 166 20 17 34 42 19 16 24 39 
6 177 16 139 30 110 11 124 2 195 27 166 14 135 29 114 22 27 34 148 26 88 7 174 10 109 20 124 9 61 1 92 3 72 21 17 23 78 15 144 4 45 13 119 28 107 25 150 0 4 17 12 33 76 31 124 24 64 18 11 19 19 12 167 8 18 5 26 32 45 
0 36 31 29 29 23 34 8 15 31 16 184 27 155 4 5 2 167 3 143 26 37 17 50 10 34 21 187 8 103 9 112 33 92 1 71 22 137 23 168 11 169 20 83 7 70 24 135 14 119 6 40 32 120 5 23 13 171 18 34 28 145 30 139 19 167 25 192 12 105 
30 48 6 54 5 36 20 127 8 180 12 128 21 113 28 190 9 36 16 36 32 33 25 87 23 26 7 66 3 126 1 37 2 104 27 20 29 82 13 164 24 147 19 14 22 3 15 58 4 29 18 111 17 130 31 45 26 6 0 194 11 83 10 76 33 183 14 60 34 162 
9 74 19 6 10 11 4 4 22 115 1 9 0 191 2 23 24 118 18 173 31 72 17 71 14 141 5 72 15 176 13 88 6 122 3 143 28 121 34 104 7 32 26 99 8 12 12 22 27 190 32 165 29 111 23 193 16 88 30 65 33 92 20 38 21 200 11 76 25 139 
25 113 29 143 15 132 5 70 1 61 23 190 33 103 2 36 7 14 9 66 20 6 19 36 16 83 22 21 34 79 32 100 12 84 31 54 28 77 27 184 18 70 26 178 4 56 21 192 0 155 11 51 24 56 8 90 6 90 30 177 10 72 17 40 14 141 3 71 13 9 

