90 35
32 24 26 156 27 52 2 44 18 157 22 151 16 170 12 78 29 184 6 125 9 72 25 23 31 48 5 25 33 173 10 151 4 96 15 6 14 133 11 99 3 140 24 79 34 149 23 20 0 36 28 77 8 37 20 69 21 19 19 148 13 129 30 33 1 137 17 100 7 63 
34 94 0 81 5 104 6 115 4 161 9 146 14 119 16 139 31 120 8 108 11 80 26 175 10 53 19 135 22 91 23 85 13 62 18 96 25 59 33 171 12 81 15 111 17 140 27 200 20 18 7 198 3 104 28 99 29 38 24 66 21 62 2 115 32 149 30 121 1 159 
4 132 2 99 33 152 9 3 18 161 26 71 6 101 13 165 15 176 3 121 22 199 30 48 1 88 19 148 32 83 24 180 20 43 16 194 21 17 31 103 28 66 14 64 10 135 7 58 5 65 8 170 25 94 23 42 11 29 34 142 17 118 29 33 12 175 0 52 27 123 
22 96 1 112 34 4 3 75 12 66 7 19 21 2 16 7 28 58 14 142 17 185 5 194 11 152 32 141 2 155 10 174 30 185 15 86 23 162 19 71 33 6 24 7 27 94 0 45 18 190 20 68 26 136 25 137 31 145 29 40 13 64 8 57 6 183 9 31 4 161 
23 114 24 118 22 111 14 175 18 104 33 148 8 38 13 154 15 148 9 146 1 110 21 88 31 55 5 126 28 105 10 73 7 140 25 3 26 161 17 40 2 61 34 122 12 119 32 69 4 162 6 49 16 53 19 188 0 20 30 84 11 70 29 34 27 41 3 161 20 106 
15 50 4 131 24 24 11 143 12 100 13 188 28 99 3 8 5 39 21 83 16 58 1 3 27 189 32 96 7 101 10 14 33 127 8 45 34 30 17 170 18 155 6 75 9 8 26 15 22 1 20 40 0 21 2 199 14 156 30 81 25 84 23 172 19 173 29 129 31 17 
31 113 28 186 21 61 32 34 19 161 17 27 14 35 23 188 20 5 6 48 30 19 34 192 18 53 11 105 33 42 4 185 24 180 0 33 3 33 7 173 5 198 26 46 25 90 27 176 12 62 9 189 22 15 8 141 13 37 1 178 16 42 10 183 29 140 15 147 2 147 
4 153 30 30 25 50 13 100 27 103 21 128 22 137 33 12 29 18 16 39 26 11 19 102 3 56 28 28 14 175 1 144 20 144 0 110 32 48 11 49 18 44 17 105 15 22 24 70 9 21 7 136 5 174 6 40 12 128 34 143 31 195 23 124 2 149 8 53 10 181 
1 117 0 16 19 148 25 185 26 83 27 156 14 182 17 27 29 63 3 174 12 64 13 194 4 14 20 157 9 112 2 103 28 182 16 75 22 153 11 167 10 7 5 20 7 27 18 156 21 158 15 58 30 107 8 10 32 200 33 96 31 35 6 26 24 75 34 102 23 73 
15 114 29 119 7 62 11 21 10 10 5 68 21 49 8 106 12 123 31 37 18 75 30 176 32 90 4 172 16 45 26 78 9 116 1 149 23 67 19 74 2 111 33 170 13 126 22 167 20 154 27 196 25 20 3 37 28 120 34 43 24 168 14 135 0 146 17 186 6 145 
1 58 3 171 11 5 20 102 32 65 0 59 30 200 6 47 13 200 23 75 14 55 4 143 9 4 27 192 28 54 31 162 8 196 19 112 10 195 2 143 34 140 26 31 17 164 18 52 29 158 24 87 16 145 33 3 7 187 21 134 22 37 25 115 12 180 15 87 5 66 
21 127 27 188 3 135 18 38 16 163 0 180 32 124 14 22 26 155 34 114 17 10 7 195 33 174 8 169 31 24 15 27 10 154 5 122 4 106 23 189 2 13 1 74 20 181 9 2 12 67 22 145 13 58 6 161 25 98 29 93 19 28 11 140 28 112 24 26 30 10 
19 142 24 46 25 173 29 40 5 25 34 138 18 156 21 2 23 177 11 46 1 143 13 192 0 90 2 128 30 118 15 173 33 105 28 108 22 151 3 86 27 33 16 140 10 81 8 174 32 133 26 79 9 151 20 80 12 105 6 58 7 195 14 83 17 135 31 73 4 9 
28 106 33 173 9 93 2 178 0 40 32 193 12 130 6 47 23 85 11 82 7 80 27 63 20 124 1 15 19 92 21 101 30 163 10 121 24 183 31 189 26 95 17 192 25 26 29 174 22 23 5 117 3 35 18 118 14 91 13 27 8 188 15 19 34 108 4 23 16 175 
28 178 33 117 1 157 5 200 16 170 31 164 3 92 25 97 26 60 29 89 11 99 13 75 24 87 23 66 12 82 6 38 14 166 7 21 15 104 18 185 8 172 9 164 10 163 34 184 17 30 22 139 0 27 32 48 19 52 27 17 4 31 30 132 21 177 2 113 20 149 
0 83 7 129 31 111 23 97 24 81 10 82 21 33 12 100 32 115 5 109 30 73 9 25 14 6 15 172 20 60 3 161 11 138 28 80 29 169 2 156 8 185 13 67 25 80 34 140 1 111 22 102 18 190 6 63 19 164 33 98 17 71 26 176 27 111 4 71 16 195 
10 106 25 180 6 82 26 164 5 164 2 164 31 145 3 40 34 143 30 190 11 57 7 166 21 106 8 169 9 133 17 102 0 23 12 173 4 33 15 59 13 159 18 24 33 74 22 108 19 46 14 44 20 42 24 150 27 111 29 5 23 128 28 12 1 185 32 167 16 60 
17 27 30 157 1 143 4 166 26 148 23 95 15 137 5 68 11 53 7 33 21 4 10 38 8 80 27 48 29 38 33 174 32 88 12 149 20 115 28 128 24 146 6 26 14 185 31 140 19 121 9 17 0 47 22 68 18 178 2 26 34 60 16 51 13 59 25 11 3 45 
14 74 19 60 6 159 25 55 16 91 30 25 2 27 20 40 13 69 26 128 28 99 32 2 18 149 1 185 34 11 27 171 8 87 22 9 29 108 11 58 9 144 12 160 15 111 10 190 31 165 3 31 0 16 23 121 5 77 4 18 17 1 21 173 7 135 33 40 24 72 
25 38 13 106 6 123 19 161 18 110 8 141 30 81 21 191 26 138 0 16 27 145 11 67 31 53 4 177 5 151 23 61 33 154 3 75 9 129 22 150 28 185 14 191 34 131 17 106 24 107 15 140 10 77 2 124 16 94 1 186 7 169 29 65 20 69 32 109 12 163 
27 159 8 42 12 33 7 68 13 92 0 132 15 95 32 30 19 193 14 73 33 22 18 179 9 122 11 129 22 87 23 56 29 187 28 187 21 111 3 92 17 9 34 21 30 84 5 91 24 120 16 65 6 9 1 144 4 178 2 59 31 113 25 193 26 4 10 170 20 11 
6 63 21 38 0 200 24 34 9 157 31 196 8 146 29 187 12 63 22 140 28 82 10 128 19 57 33 97 25 46 34 153 5 65 13 17 23 49 1 22 15 56 18 56 17 183 11 182 2 107 26 127 7 156 14 146 20 180 16 68 4 107 27 61 30 13 32 166 3 112 
19 82 6 113 12 140 25 115 29 133 28 164 13 51 4 63 16 12 30 44 15 30 7 86 1 1 26 167 27 72 34 9 14 115 8 171 33 7 11 176 23 183 24 12 9 198 18 145 20 53 3 96 0 166 22 20 32 77 17 42 31 196 2 192 21 113 5 74 10 63 
4 200 13 72 10 87 1 126 0 24 12 24 29 171 7 26 6 53 21 79 22 35 2 168 18 139 31 138 8 96 17 142 3 114 20 199 34 26 27 190 14 139 32 62 24 87 15 162 28 180 16 185 9 48 11 86 25 158 26 161 30 147 5 43 33 59 23 96 19 71 
2 179 3 66 21 154 29 86 7 127 10 115 4 87 13 58 19 158 22 197 27 127 9 82 26 153 30 123 8 92 14 136 25 185 31 80 11 24 20 72 12 107 18 148 28 156 0 58 5 58 6 58 15 69 32 116 23 90 24 62 34 163 1 10 16 26 33 126 17 200 
5 171 28 84 31 194 14 47 0 17 17 27 33 19 21 191 7 153 2 38 6 135 10 147 4 55 9 61 11 44 18 173 15 101 25 30 32 72 16 183 22 124 1 158 26 162 34 132 13 43 3 183 19 189 29 121 27 60 12 193 30 69 23 146 8 185 24 53 20 61 
16 66 17 175 21 179 28 45 3 78 30 198 5 89 33 96 13 29 32 104 31 122 7 56 11 60 2 4 23 146 0 73 12 28 29 157 27 194 15 103 18 114 19 127 26 66 25 55 34 7 22 125 20 99 14 14 1 105 10 154 9 191 4 167 8 99 24 178 6 2 
5 29 26 55 18 142 11 34 21 167 8 136 23 28 29 165 13 93 14 141 7 129 28 109 15 6 4 132 6 167 32 196 16 182 1 177 10 149 17 128 12 56 25 50 0 200 27 158 31 124 9 191 33 192 22 112 24 43 19 91 30 34 2 160 20 33 34 62 3 38 
4 137 16 172 19 92 22 190 24 139 33 77 20 57 21 24 10 98 11 42 3 44 26 175 31 198 12 6 17 112 14 19 2 140 15 121 28 6 32 124 25 24 1 63 5 189 8 26 13 123 30 58 34 154 23 163 7 145 29 108 9 23 18 175 0 86 27 197 6 173 
11 140 21 66 0 59 6 114 22 59 19 74 33 127 1 47 7 158 10 176 13 13 25 6 15 109 29 65 26 35 2 101 5 128 3 57 31 130 30 124 8 146 20 66 32 1 18 163 17 10 14 69 34 78 12 85 4 152 23 111 16 89 9 107 24 183 27 98 28 28 
9 136 3 109 14 20 2 157 5 88 32 98 28 198 23 141 11 165 0 178 27 105 7 26 26 199 8 98 34 121 17 1 1 47 12 190 13 68 24 196 29 48 20 186 4 33 31 178 16 103 10 128 6 107 33 18 19 164 30 195 18 177 15 188 25 118 21 65 22 83 
3 109 33 137 4 129 11 149 6 111 21 52 15 147 32 172 22 31 24 12 5 4 30 48 23 54 16 57 1 57 26 107 27 177 10 114 2 96 8 170 31 99 19 49 20 149 17 146 29 189 34 126 14 108 0 9 28 42 13 156 12 197 18 173 9 10 25 141 7 126 
31 78 33 133 22 4 27 95 7 105 19 188 10 38 16 173 23 177 15 67 6 186 5 45 8 154 9 185 28 97 21 164 26 86 13 158 25 19 17 51 1 68 2 189 32 86 34 164 20 150 14 74 18 57 0 175 29 130 30 102 3 19 4 56 24 178 11 150 12 104 
8 152 23 68 3 171 20 37 16 20 22 52 31 63 15 173 26 148 1 196 18 36 4 194 12 126 19 24 17 55 14 154 27 50 33 104 25 22 13 179 11 64 30 99 7 8 2 25 24 164 29 16 0 20 10 74 28 169 5 95 9 67 34 41 21 173 32 53 6 157 
7 134 4 134 33 36 29 20 28 20 15 162 24 176 9 117 32 103 31 74 19 190 34 93 13 54 20 37 12 59 17 21 25 142 26 1 3 78 27 164 11 51 16 101 23 52 18 108 30 103 21 150 0 129 2 51 10 108 6 57 22 68 14 128 5 93 8 28 1 173 
8 162 6 110 26 100 19 71 25 13 30 115 13 171 9 171 11 130 3 71 23 170 33 54 22 147 0 42 24 87 28 162 1 103 17 195 5 198 15 134 14 152 20 119 21 137 29 101 18 51 12 109 2 124 16 34 34 187 31 71 10 121 32 126 4 157 7 185 27 190 
7 123 16 200 3 187 12 178 13 112 29 145 32 74 9 48 11 82 21 85 6 115 18 111 20 84 23 100 28 2 15 68 1 147 22 178 30 33 34 52 31 58 26 113 25 1 0 79 10 14 17 5 5 101 2 133 27 144 19 67 14 73 24 124 33 4 8 132 4 152 
17 179 12 48 25 187 8 61 6 158 4 102 21 62 16 115 23 83 32 181 15 178 22 182 13 59 0 140 28 64 7 63 9 21 10 36 31 91 33 34 5 61 26 35 30 20 3 19 24 50 1 162 14 82 27 180 19 98 34 138 20 68 29 145 11 28 2 182 18 48 
11 45 31 101 19 160 22 36 16 150 10 157 4 104 14 90 29 35 20 65 12 177 6 48 17 151 18 179 24 44 7 86 21 85 30 187 9 64 27 188 26 89 33 117 8 66 3 130 25 158 23 57 34 41 1 31 15 175 28 45 5 147 2 119 32 84 13 24 0 133 
0 119 30 177 5 190 20 180 4 25 23 120 14 182 24 159 21 69 3 12 17 39 9 58 34 77 25 159 26 152 6 78 11 8 10 26 1 182 12 170 16 130 19 5 28 98 7 150 18 99 31 200 15 185 8 135 2 151 27 40 33 56 22 143 29 9 13 169 32 80 
9 54 7 133 32 15 34 98 21 52 28 139 10 199 2 64 6 30 16 147 12 126 3 59 1 58 20 93 19 24 29 46 24 63 15 130 30 81 5 182 31 170 26 48 14 199 27 119 11 57 18 177 25 20 4 10 8 121 23 143 17 170 13 40 0 45 22 160 33 134 
21 42 32 114 23 61 5 35 2 152 30 177 24 132 22 89 11 87 16 120 13 54 17 107 6 8 29 36 7 5 28 122 34 29 10 191 33 14 25 70 27 43 3 34 19 2 12 83 8 142 14 140 26 117 1 190 31 155 20 76 18 58 4 28 15 34 0 196 9 135 
4 91 0 184 31 84 5 41 8 11 14 35 18 180 19 114 15 123 11 92 13 92 29 17 33 46 20 77 12 68 32 108 28 26 1 116 2 69 3 144 34 150 10 20 27 138 21 116 25 28 22 50 23 153 7 24 26 114 24 107 6 28 30 94 16 59 17 35 9 15 
29 53 13 47 34 123 26 152 10 163 16 115 24 176 4 178 3 102 31 160 32 96 21 183 0 2 15 113 22 24 2 91 30 177 14 35 7 123 18 121 11 56 6 126 23 103 12 123 19 131 1 142 28 62 17 98 20 6 27 44 5 132 25 51 33 154 9 70 8 40 
29 144 16 45 12 100 22 99 32 12 18 170 13 200 7 50 26 170 24 195 10 143 11 127 14 11 20 52 19 160 34 124 1 72 30 48 17 178 5 31 9 200 33 174 6 1 28 41 3 160 0 8 15 189 25 20 27 2 2 113 4 41 8 77 21 36 23 91 31 176 
6 170 22 195 21 125 27 149 15 132 29 97 25 94 31 157 18 50 1 73 33 72 9 83 7 85 11 133 2 107 3 51 23 21 20 122 24 186 14 198 28 88 10 65 8 157 12 151 0 114 13 173 30 150 16 56 4 124 32 57 5 24 19 95 17 142 34 83 26 21 
18 185 1 85 13 121 11 83 32 189 25 117 23 125 5 141 3 113 8 26 6 53 33 44 28 155 20 85 29 5 9 150 7 127 15 142 26 15 24 152 10 13 16 103 19 34 2 90 30 169 27 125 34 96 14 187 22 6 21 164 12 139 4 173 0 129 31 55 17 69 
28 191 22 175 11 80 30 129 17 167 12 41 32 17 7 153 9 181 2 46 23 151 8 43 1 156 34 10 15 145 26 111 18 12 31 82 19 18 14 168 13 33 24 144 0 79 4 33 21 86 3 44 29 132 25 15 20 4 27 92 16 30 6 134 5 135 33 57 10 71 
33 174 2 20 12 44 20 173 5 39 30 173 18 21 7 98 26 152 8 155 31 72 25 65 15 31 17 147 19 106 6 110 9 79 32 184 14 29 0 82 23 107 34 99 27 19 4 100 10 74 29 126 11 121 24 156 3 156 16 140 22 133 28 176 13 145 1 197 21 184 
26 25 6 54 16 143 20 67 5 129 31 163 10 119 33 17 21 68 25 112 17 188 30 53 22 32 34 37 7 93 18 74 4 133 32 142 29 143 24 77 28 157 8 76 0 46 15 4 1 111 9 32 2 155 27 158 13 136 23 192 3 167 14 198 19 176 12 76 11 66 
18 195 5 26 20 76 27 147 2 187 21 113 25 174 26 166 15 141 9 120 14 181 10 34 6 111 19 65 8 184 29 119 32 161 28 177 24 61 3 10 34 45 0 47 7 129 11 155 17 157 23 134 12 197 30 93 33 178 31 26 16 132 22 131 1 15 4 153 13 63 
26 103 15 193 34 53 19 199 16 162 3 100 8 145 28 77 1 61 7 39 29 109 24 140 6 141 18 162 5 81 4 57 14 1 23 83 17 133 22 52 0 199 9 93 12 69 31 132 21 178 20 185 32 133 10 133 13 99 30 38 27 89 25 104 11 51 2 198 33 184 
3 30 15 48 31 69 13 124 12 63 34 37 10 116 7 167 32 22 30 163 9 30 24 45 18 71 27 14 20 69 0 150 16 43 21 70 6 138 29 183 5 195 19 165 25 189 26 13 8 67 1 132 2 69 11 34 17 166 22 153 14 70 33 198 23 160 28 108 4 138 
12 176 20 164 14 132 26 149 32 1 9 153 23 179 3 183 0 191 8 103 25 140 19 29 33 194 17 114 2 184 5 118 11 37 21 144 4 51 30 60 7 5 15 116 27 12 10 191 31 98 29 165 18 61 1 94 6 177 22 22 34 138 24 92 28 86 13 44 16 197 
2 8 12 168 17 65 26 68 22 79 29 194 23 3 30 53 28 21 25 37 1 8 3 167 5 17 24 21 7 127 11 3 33 80 34 148 18 188 20 132 13 42 32 159 0 169 14 35 19 168 10 87 16 187 9 142 21 60 6 191 31 172 15 190 8 103 27 41 4 102 
34 166 4 112 27 53 18 56 12 75 23 68 31 98 28 157 2 33 26 81 25 194 33 157 24 135 6 59 29 42 16 41 7 188 32 197 1 3 5 188 14 131 21 106 17 196 15 12 13 174 30 71 10 142 0 30 3 70 20 85 19 56 22 7 8 42 11 127 9 112 
19 195 6 81 32 176 27 6 1 46 25 1 10 71 26 191 5 14 34 34 28 69 11 10 24 145 15 77 29 163 31 41 30 97 21 31 4 75 18 116 20 192 13 146 33 101 23 127 8 16 12 131 2 101 7 177 0 68 14 50 9 148 16 103 3 47 17 4 22 177 
22 130 23 112 6 127 0 121 27 30 9 97 15 151 17 19 20 169 34 24 3 105 13 84 29 54 10 62 19 87 33 196 24 103 18 19 12 99 25 195 5 12 1 99 31 189 21 156 32 86 11 86 26 100 30 133 2 64 8 43 16 45 4 161 14 75 7 76 28 143 
2 55 18 14 23 171 13 49 21 110 33 134 5 13 4 147 34 112 12 47 7 15 25 66 14 192 29 79 9 9 0 155 3 153 16 24 30 183 6 130 17 94 8 166 28 54 22 21 15 136 19 136 10 138 32 90 11 84 31 180 1 78 26 46 20 36 24 67 27 94 
31 126 28 78 20 145 29 162 4 100 7 70 2 33 25 200 11 132 27 73 24 12 17 106 10 165 6 124 9 117 5 69 15 157 30 155 16 184 3 147 13 122 19 123 23 182 26 23 1 59 32 86 0 72 8 24 12 109 14 78 33 104 21 131 18 150 22 62 34 11 
11 15 25 52 3 37 7 87 30 111 22 117 23 71 0 87 8 168 34 32 15 80 13 47 27 99 2 192 4 95 28 138 9 40 21 140 12 158 33 18 1 24 24 189 32 13 5 191 16 164 31 2 20 179 29 162 18 196 19 7 14 83 6 90 26 199 10 137 17 95 
8 139 20 195 17 120 30 42 14 136 21 118 11 116 10 89 5 129 4 167 9 46 26 93 29 139 3 40 27 122 6 176 15 13 7 40 19 24 13 153 0 149 33 84 22 177 32 10 1 90 25 148 31 142 23 16 24 167 12 192 16 2 18 49 2 80 34 141 28 46 
23 96 34 109 20 64 13 128 6 48 4 134 5 3 21 159 14 140 17 190 31 53 15 89 16 85 22 85 26 163 33 19 24 125 25 194 10 6 27 52 9 32 12 138 28 140 7 180 30 84 32 54 3 72 11 36 0 104 8 123 1 165 2 77 18 135 29 88 19 3 
9 93 14 4 24 61 20 145 17 9 25 52 8 104 13 138 31 157 5 191 2 42 22 147 10 153 12 190 21 129 18 122 26 118 11 154 7 123 33 191 28 64 34 133 30 47 29 125 32 6 6 154 0 10 3 18 15 38 23 147 1 183 19 199 16 193 4 153 27 67 
31 15 22 197 0 102 16 58 28 159 14 45 17 150 26 25 30 15 20 135 9 1 7 144 3 107 1 130 10 133 6 43 24 104 29 178 33 3 21 119 23 116 25 186 2 91 15 125 18 65 8 9 11 38 12 33 5 134 13 23 34 19 27 136 4 141 19 38 32 1 
2 103 16 182 19 109 12 23 6 49 13 177 15 92 21 136 10 46 31 62 22 15 4 48 1 139 8 17 32 148 28 17 3 153 18 62 26 110 11 38 27 21 17 113 9 48 14 107 25 146 24 29 5 200 29 7 30 70 0 31 7 83 33 68 20 138 34 124 23 68 
12 170 3 155 17 127 7 174 21 189 16 25 28 200 33 194 9 190 29 182 14 23 4 2 30 35 19 200 25 156 6 71 15 176 27 133 24 16 34 43 22 102 20 86 2 62 10 55 8 39 1 156 18 59 31 11 11 47 32 47 23 88 13 34 26 130 0 48 5 108 
20 124 5 157 3 56 1 40 14 66 21 134 27 69 6 89 33 148 29 179 9 85 32 14 17 186 26 64 28 20 16 131 4 6 19 192 22 124 0 34 24 188 30 7 31 138 13 145 23 1 12 21 2 44 18 154 15 162 8 22 34 106 11 146 7 60 10 118 25 128 
16 171 6 190 23 162 12 132 7 132 3 190 17 69 1 155 32 144 9 144 2 151 29 130 28 103 8 70 25 11 27 79 33 92 24 25 31 156 15 82 4 168 20 87 18 117 10 28 21 107 5 154 34 39 26 100 22 136 13 48 0 71 11 141 30 176 14 120 19 59 
16 150 21 83 17 5 19 9 15 35 34 41 27 198 25 168 3 115 6 118 33 78 11 75 29 198 26 65 8 128 28 14 0 91 4 54 20 81 31 188 1 147 13 154 5 111 18 127 7 35 9 108 23 100 32 173 12 48 24 66 22 39 30 25 2 128 10 102 14 144 
21 79 23 140 17 42 26 131 5 55 25 115 14 89 31 90 20 75 32 39 1 27 19 13 27 124 13 125 33 31 28 133 10 87 15 30 34 78 30 105 7 156 18 55 9 19 2 37 3 106 6 180 29 22 16 22 12 108 8 35 0 33 22 98 11 194 4 21 24 89 
7 188 32 56 14 23 33 194 21 37 13 163 18 166 27 13 24 51 12 186 10 113 22 37 9 97 11 22 17 61 20 37 34 94 3 102 1 197 15 87 29 91 23 161 4 44 0 69 8 35 31 198 6 115 30 49 28 37 5 191 19 31 25 6 2 143 26 96 16 194 
0 85 22 54 25 19 34 53 17 183 3 86 13 12 32 43 6 149 7 114 9 197 29 61 24 172 15 55 2 105 33 182 12 62 20 95 8 34 14 176 19 102 28 71 21 72 10 39 5 181 11 198 31 40 27 176 23 173 30 147 1 23 18 150 26 123 16 126 4 62 
12 12 15 158 24 117 18 9 20 102 7 130 3 129 2 12 4 194 11 33 26 83 33 120 14 73 34 26 21 179 19 115 16 136 28 14 30 55 25 11 9 154 0 102 8 104 31 69 1 12 10 57 29 160 17 81 27 175 23 146 6 15 32 193 5 176 22 56 13 134 
10 138 25 120 0 96 19 32 15 104 23 157 28 22 14 146 24 144 34 89 30 44 17 36 33 22 11 77 5 165 8 155 22 71 7 45 12 101 31 44 29 15 9 73 27 154 20 20 2 88 32 43 26 105 16 180 1 128 13 14 4 182 6 120 21 79 18 143 3 145 
8 132 26 50 13 156 31 80 24 31 7 146 14 41 27 136 22 129 19 159 5 63 11 76 12 73 16 41 32 10 4 10 28 75 3 188 34 118 29 99 25 86 33 66 0 195 17 50 18 148 30 13 15 82 9 70 2 126 1 127 21 56 20 162 23 18 10 64 6 106 
25 172 26 137 21 145 33 41 23 181 28 88 8 54 7 17 30 200 6 150 1 123 3 44 24 74 14 143 32 90 19 61 16 88 17 19 10 50 22 189 5 46 0 151 11 87 2 162 29 154 12 166 34 18 20 39 4 103 9 172 15 116 18 57 27 121 13 111 31 100 
2 83 32 166 22 111 8 37 14 188 19 98 24 163 7 170 20 138 30 50 4 102 6 177 11 134 16 15 18 18 31 151 27 15 5 146 33 18 15 182 17 159 21 34 12 78 3 22 28 56 26 150 13 58 29 139 0 195 1 99 9 36 34 195 25 125 10 116 23 48 
30 198 16 121 14 162 28 34 25 117 2 81 32 110 27 106 0 186 6 82 21 17 23 20 12 175 3 155 5 55 7 177 19 141 24 2 26 59 20 131 29 109 15 140 34 22 17 173 1 187 33 92 9 167 31 109 4 154 18 56 10 36 22 15 11 198 13 94 8 45 
3 107 31 97 27 50 34 154 20 93 24 44 18 13 28 91 2 74 6 137 5 174 22 170 21 19 17 99 15 82 16 31 10 138 32 199 8 171 11 73 12 149 30 108 1 65 23 83 26 136 33 47 14 160 7 36 9 126 13 122 25 50 19 61 0 195 29 135 4 66 
29 87 6 122 18 7 33 167 0 118 28 70 32 32 10 56 24 98 22 16 15 1 19 27 31 46 25 29 2 163 8 45 12 126 26 153 16 76 21 97 9 28 11 127 13 161 5 70 17 8 23 91 1 193 34 123 14 100 20 182 3 171 30 75 27 172 4 53 7 170 
23 181 13 157 25 8 27 109 10 88 32 25 31 104 7 17 4 184 2 150 1 184 26 17 17 199 34 19 3 126 21 120 22 80 12 38 29 123 28 174 24 75 18 106 20 96 5 116 8 73 9 7 6 187 30 182 15 152 19 149 16 57 0 184 11 130 14 189 33 110 
18 182 26 8 32 191 2 140 15 126 4 182 11 12 20 75 5 10 31 127 6 8 21 118 3 163 27 142 33 199 0 99 28 35 13 129 17 13 29 152 16 125 25 102 34 97 14 72 22 163 8 98 24 42 9 98 1 91 30 88 23 66 19 61 7 101 10 108 12 38 
28 142 29 76 19 70 2 5 5 108 27 165 26 44 18 106 13 6 22 3 12 116 34 62 7 19 30 195 1 98 21 191 16 200 11 140 31 178 15 98 10 87 33 40 4 51 0 7 9 34 14 86 8 74 17 94 23 72 32 197 20 188 25 140 24 136 6 128 3 105 
2 61 33 41 7 196 21 55 13 117 14 172 4 47 19 81 28 49 27 19 16 6 8 22 32 112 26 9 1 163 12 72 15 182 0 85 29 136 31 23 34 165 30 126 3 170 10 151 23 20 24 51 11 109 17 53 25 61 18 148 9 192 6 196 5 54 20 92 22 11 
26 82 11 133 8 61 34 9 6 132 32 144 28 32 25 72 17 175 30 116 24 104 19 95 5 100 10 58 18 26 16 59 2 126 15 29 9 47 0 53 31 108 13 34 7 47 1 19 23 170 29 140 12 196 22 138 21 64 20 76 3 42 27 4 4 120 33 158 14 139 
25 24 1 104 19 146 21 110 8 38 17 60 11 156 34 121 2 183 13 149 23 129 15 83 3 132 20 101 28 91 14 46 7 199 22 6 16 84 18 8 26 173 27 113 31 58 9 133 29 123 0 161 33 154 30 60 24 106 5 193 10 144 4 131 6 27 32 167 12 163 
2 177 28 153 11 56 13 102 18 19 16 168 12 63 21 173 22 72 15 32 27 114 1 51 17 184 32 194 26 51 31 182 9 15 24 173 20 132 29 111 8 112 10 107 3 81 33 49 34 127 0 60 23 174 30 106 6 168 5 83 19 21 4 156 7 104 14 1 25 82 
4 187 15 184 24 96 17 79 16 135 28 43 10 89 2 135 5 125 32 102 25 111 18 125 27 190 20 127 0 153 22 88 6 171 23 150 26 55 30 179 11 28 9 61 31 136 29 82 14 67 34 43 8 187 13 56 1 34 7 76 19 10 21 122 33 150 12 96 3 34 
16 125 25 46 10 50 22 66 2 119 5 200 15 155 14 156 18 104 17 132 3 110 20 37 33 151 9 37 6 118 11 101 27 151 21 160 29 191 24 33 26 52 8 127 34 90 28 106 31 102 7 173 30 8 32 69 19 126 23 135 13 194 12 163 0 115 1 156 4 115 

