80 30
7 5 2 55 16 78 14 124 13 42 10 27 26 93 21 111 24 56 18 63 29 93 23 149 4 94 22 64 20 13 12 97 28 170 15 7 6 166 5 13 3 72 17 176 11 131 9 29 8 196 1 109 27 147 19 42 0 24 25 159 
8 94 2 4 16 137 12 149 15 99 28 124 19 99 0 100 3 66 22 169 25 134 21 130 10 19 20 8 4 42 9 75 26 108 27 176 23 111 17 126 18 150 13 77 11 159 5 47 14 7 6 163 1 108 29 174 7 190 24 96 
18 12 12 97 15 41 21 6 2 120 4 173 7 35 5 55 3 200 1 69 23 75 9 146 26 48 27 80 16 184 13 177 8 69 11 44 6 43 10 77 14 39 17 53 25 29 20 119 19 95 22 193 29 55 24 127 0 116 28 52 
9 74 18 99 1 93 8 57 24 19 13 157 16 194 12 73 26 12 14 18 23 3 21 23 15 105 11 105 4 22 19 194 5 192 0 167 3 27 27 152 29 54 10 77 25 129 20 56 22 194 28 72 7 45 2 125 6 32 17 140 
13 61 2 100 7 159 1 165 17 179 10 22 11 183 6 100 12 151 23 144 18 78 26 150 22 73 28 65 27 46 20 45 5 81 21 143 16 185 19 67 25 57 29 155 0 8 14 168 15 66 8 159 24 175 4 98 9 115 3 157 
14 128 5 189 6 79 25 17 19 175 3 83 15 196 28 133 11 124 22 58 24 3 4 182 12 115 8 200 20 133 29 104 7 84 23 76 17 157 18 5 26 194 21 104 27 195 1 99 16 189 2 74 9 91 10 180 0 168 13 94 
1 150 29 118 18 46 6 133 3 89 0 80 2 178 12 137 11 47 24 142 25 87 26 50 5 138 16 92 14 113 20 175 10 176 23 42 9 41 15 126 7 37 21 49 19 28 13 71 4 98 8 124 17 123 27 158 28 106 22 173 
20 111 13 181 2 53 17 147 24 58 6 136 23 179 27 200 10 54 0 131 11 182 12 88 3 92 5 139 19 139 28 47 7 166 21 18 1 69 15 168 9 32 25 98 4 137 26 179 8 40 14 21 29 84 22 5 18 111 16 75 
5 47 2 68 8 94 26 66 0 196 18 11 1 172 29 57 14 77 9 56 19 68 22 41 24 160 15 12 16 34 17 58 7 65 3 147 25 133 10 57 4 199 13 49 20 147 23 97 21 58 28 125 12 168 6 64 11 15 27 177 
23 22 15 86 26 54 28 84 8 96 18 137 25 123 24 147 4 76 14 103 3 25 19 152 29 27 12 72 10 187 16 174 13 2 7 2 22 188 0 147 2 144 5 37 20 75 9 195 1 153 17 129 21 100 6 156 27 53 11 5 
21 14 11 84 26 15 18 109 0 115 20 147 5 24 27 167 17 23 22 74 28 16 16 199 12 143 2 143 15 145 24 98 9 40 19 15 4 16 23 29 29 122 3 82 6 128 8 104 10 98 13 52 14 83 7 200 1 147 25 20 
13 121 11 164 24 35 19 12 1 141 0 17 9 114 12 87 29 188 28 122 4 4 8 42 2 146 22 93 18 27 6 89 14 164 5 46 25 128 16 155 21 48 15 22 3 23 27 14 26 90 17 142 23 15 7 186 10 22 20 124 
26 5 8 110 11 150 2 9 7 40 10 200 16 143 9 67 14 71 15 47 27 187 1 9 5 31 18 45 12 84 21 53 13 90 23 133 3 16 6 167 25 168 24 9 4 16 29 120 17 92 0 121 22 74 28 29 19 103 20 8 
15 154 17 126 1 91 20 109 14 27 4 78 0 117 8 70 21 42 25 113 23 30 11 186 5 160 7 52 16 120 2 177 22 74 9 173 19 13 27 146 6 86 12 69 13 32 10 98 18 32 26 114 24 75 3 157 28 170 29 198 
15 193 25 103 2 200 6 65 1 143 23 91 4 86 20 134 24 181 9 10 5 115 21 2 10 21 28 51 29 71 8 108 7 122 22 115 11 135 0 108 13 199 19 102 26 127 27 16 12 153 18 119 14 79 17 78 3 43 16 193 
24 76 15 84 1 46 14 180 27 146 10 156 22 176 3 67 2 77 7 199 9 101 25 55 19 174 5 124 13 99 6 29 29 45 20 193 26 115 4 102 16 140 12 142 18 134 8 163 0 179 17 20 21 26 11 61 23 41 28 183 
17 94 8 115 7 78 26 12 2 107 15 145 14 169 16 66 21 178 3 115 5 77 18 197 19 61 24 105 6 2 25 136 11 157 0 104 4 77 9 53 20 37 27 186 12 73 10 74 1 78 22 92 13 86 23 37 28 7 29 3 
5 162 20 117 4 120 23 108 2 173 26 86 29 173 12 119 25 37 0 189 14 114 13 112 15 124 28 119 1 123 11 32 8 7 6 47 19 5 16 143 7 123 10 86 17 191 22 81 27 125 18 2 21 100 9 135 3 141 24 125 
8 153 11 38 20 96 17 171 9 91 3 197 21 67 22 67 7 30 25 167 10 69 12 119 23 65 27 143 2 23 18 90 5 164 1 171 6 154 13 54 26 123 15 35 16 102 4 147 19 13 14 133 0 87 28 20 29 100 24 27 
10 20 21 120 0 140 5 187 11 115 12 100 2 60 1 81 7 104 3 116 14 93 22 75 8 187 26 73 28 194 27 173 17 89 18 37 19 26 9 156 4 89 15 73 6 8 25 132 16 155 23 31 20 23 24 30 29 167 13 41 
26 200 23 169 14 93 4 117 0 10 17 57 10 8 28 47 3 78 24 33 13 177 11 196 5 19 15 73 2 185 27 83 29 157 9 161 6 132 8 88 16 165 25 175 19 52 20 129 22 72 21 1 12 64 7 126 18 191 1 52 
15 151 12 175 29 192 16 94 19 33 6 84 24 52 20 56 25 20 0 102 11 27 22 150 17 181 13 90 1 120 8 131 21 111 28 72 3 142 7 74 23 192 10 134 9 21 2 161 4 198 14 173 26 42 5 45 27 82 18 154 
18 65 27 45 29 6 16 5 25 12 24 129 7 117 2 128 26 124 12 120 13 81 15 41 5 168 0 2 4 25 6 91 10 75 21 32 1 139 17 145 20 91 3 12 19 168 28 22 11 168 22 134 8 73 14 197 23 5 9 17 
20 137 16 156 0 3 22 73 7 153 24 186 1 71 19 19 14 145 29 6 10 92 4 14 5 189 13 24 11 95 6 40 28 169 3 58 15 140 27 85 12 4 26 199 2 132 25 166 21 142 8 26 9 74 17 24 18 177 23 24 
10 178 21 10 12 147 23 189 27 150 2 35 14 137 3 70 16 187 13 16 18 117 9 58 15 4 19 89 26 123 6 6 11 151 17 90 5 49 29 154 7 37 0 26 24 57 25 40 20 29 22 132 28 86 4 67 8 157 1 106 
21 153 1 39 12 142 14 115 5 14 10 101 27 23 11 147 29 48 17 116 18 83 2 152 28 36 0 117 9 121 4 72 8 107 22 100 23 77 15 71 25 163 6 113 16 11 19 126 13 180 20 59 26 82 7 166 24 132 3 11 
1 19 15 136 20 190 8 64 29 167 22 160 24 109 5 192 0 148 19 46 17 151 27 86 13 166 21 63 26 125 25 77 18 48 10 180 14 177 4 37 2 98 16 61 3 160 23 23 28 123 11 1 12 95 7 154 6 86 9 180 
3 126 4 164 0 134 17 61 27 103 8 84 21 57 6 82 12 77 20 176 26 169 15 46 25 66 2 48 19 77 10 196 14 119 5 64 18 74 9 50 7 104 23 29 16 69 1 184 22 58 24 6 29 39 11 109 13 85 28 25 
12 66 26 83 22 145 20 126 9 69 6 31 23 80 13 138 1 19 15 137 8 137 27 198 4 93 28 139 29 142 7 86 11 100 19 152 24 83 21 34 0 129 16 137 2 51 10 200 18 84 17 78 25 67 3 178 5 67 14 175 
26 55 21 149 15 110 11 69 1 13 23 65 24 67 17 32 28 140 19 37 16 65 4 172 5 44 13 29 27 59 18 135 6 136 3 6 2 41 22 177 0 10 9 42 10 95 8 106 25 70 29 137 20 16 7 178 12 58 14 112 
12 5 27 170 24 197 9 12 28 91 25 144 13 108 21 196 20 168 14 119 3 124 0 119 10 172 8 96 19 97 15 34 16 69 22 125 2 115 17 65 7 177 5 18 11 21 18 135 29 44 1 116 23 173 26 10 4 71 6 186 
24 13 21 42 4 118 12 128 6 21 17 184 5 118 10 98 23 63 15 142 9 134 16 174 14 111 11 171 26 4 2 185 20 137 22 162 1 126 28 158 27 40 7 1 3 78 18 199 0 139 8 107 25 57 13 99 29 173 19 82 
8 133 19 44 20 197 24 167 17 82 29 19 27 26 13 34 6 61 26 183 4 42 7 106 9 25 2 187 5 99 28 114 10 39 16 198 14 108 25 174 11 57 15 8 1 91 12 87 21 144 0 78 18 160 23 8 22 42 3 132 
10 13 13 131 23 114 16 115 17 90 20 89 22 1 3 118 8 56 7 90 21 84 29 58 1 68 15 69 26 25 4 63 14 15 18 182 12 36 5 115 9 75 6 165 2 141 0 125 19 185 11 1 28 11 27 39 24 143 25 112 
11 113 14 5 18 85 25 122 2 50 28 154 7 72 12 150 9 140 26 129 29 112 24 192 17 15 27 162 23 83 6 97 3 126 22 197 15 145 21 3 4 143 19 6 13 107 0 184 8 131 10 89 20 127 1 69 16 187 5 168 
27 19 1 81 15 69 26 67 4 53 24 10 6 108 11 31 12 27 5 130 16 109 23 130 17 158 10 103 29 3 18 37 3 115 13 82 0 29 2 149 7 130 22 34 14 31 25 146 9 53 28 135 19 84 21 146 8 82 20 7 
26 25 9 141 29 139 15 37 5 170 1 129 24 199 25 16 16 51 14 3 17 167 7 44 10 49 8 121 0 173 18 86 11 150 23 194 3 37 28 152 27 114 12 183 19 57 2 63 4 191 21 197 20 61 6 106 13 40 22 6 
26 91 0 44 11 118 1 171 3 176 18 26 12 24 29 14 19 47 13 165 23 9 9 122 10 142 21 172 8 169 27 114 14 164 25 77 22 56 28 80 16 166 24 23 7 152 5 179 4 137 2 123 15 58 17 24 6 186 20 138 
13 198 16 193 4 32 15 98 25 23 12 17 29 36 3 11 6 176 20 128 5 85 11 3 2 30 24 169 22 59 26 103 27 188 23 155 17 35 28 69 7 41 21 139 9 198 0 110 1 39 10 159 14 108 18 169 19 41 8 83 
4 133 24 14 20 146 27 154 23 111 6 104 21 174 8 115 22 59 19 6 28 44 0 149 17 14 12 163 26 71 29 141 2 114 9 110 18 41 5 78 7 24 25 185 3 12 10 64 14 2 16 107 15 51 13 31 1 120 11 6 
9 181 14 185 17 10 13 65 22 5 19 75 20 102 5 128 21 69 25 176 10 149 24 16 15 150 8 158 4 104 1 2 26 197 12 154 2 14 7 40 0 134 3 164 28 91 23 42 18 103 11 76 6 149 27 118 16 127 29 120 
9 60 15 192 17 179 23 200 5 155 26 126 28 155 7 99 3 66 1 17 19 24 21 65 10 195 13 195 8 127 25 59 20 65 0 119 12 162 16 69 14 141 4 61 18 140 6 174 11 176 24 72 29 6 22 12 2 51 27 113 
23 164 1 91 3 108 9 61 24 25 26 88 22 192 19 83 28 154 8 186 7 88 20 158 13 196 0 45 2 117 16 155 25 149 18 107 11 34 21 95 5 107 15 25 17 171 27 155 4 17 12 99 29 200 10 105 6 8 14 41 
21 108 15 55 17 112 11 34 23 7 26 199 18 30 22 79 29 173 20 29 5 154 19 88 7 175 25 175 24 89 0 192 3 89 28 191 13 118 14 114 8 114 1 30 2 105 10 9 4 132 27 105 6 95 12 166 16 155 9 88 
8 148 10 22 17 158 16 187 15 94 23 155 9 143 27 40 6 159 3 78 11 169 0 54 13 4 7 145 1 134 26 161 25 6 22 121 12 50 28 154 20 159 19 156 2 183 29 47 4 152 14 137 24 109 5 104 21 170 18 166 
1 67 19 41 14 147 25 127 8 185 17 12 18 197 28 41 20 71 11 96 24 70 2 70 12 58 10 151 23 171 26 139 22 75 4 151 5 173 29 152 21 175 13 46 15 66 3 73 9 102 7 81 0 95 16 147 27 149 6 173 
26 10 17 133 1 5 24 51 22 75 11 130 28 65 3 192 20 176 14 106 10 197 7 182 0 115 4 59 2 11 12 50 21 68 8 118 13 170 5 69 29 36 23 119 16 22 19 160 27 189 9 18 25 10 6 8 18 113 15 9 
1 81 2 171 0 63 26 2 7 194 19 20 15 60 3 144 25 164 8 145 27 11 17 17 22 124 29 109 6 150 18 146 9 106 14 126 4 7 10 129 12 15 21 32 11 163 24 131 20 33 23 43 13 92 28 162 16 184 5 10 
3 126 9 45 21 72 0 109 18 131 16 11 15 88 12 78 19 5 26 104 29 130 5 162 2 61 10 27 27 143 23 134 20 125 25 144 11 158 1 5 17 140 4 58 24 144 22 200 7 99 14 79 13 31 28 6 6 66 8 24 
20 101 5 118 10 58 2 95 28 42 29 64 1 194 12 109 7 200 9 66 11 53 22 130 14 150 26 139 6 44 21 101 18 174 4 4 23 155 0 126 24 31 17 140 3 100 25 127 13 127 19 117 27 52 8 45 16 184 15 19 
9 36 8 6 20 102 4 195 26 130 28 195 16 26 22 44 21 20 2 155 10 132 14 192 3 116 27 4 12 62 24 55 13 129 1 180 11 177 15 70 19 46 18 200 6 20 25 133 17 43 0 21 29 91 23 160 5 19 7 89 
1 100 17 160 23 76 4 51 18 111 0 48 13 171 29 59 22 81 2 110 20 139 19 20 10 197 21 199 5 15 12 11 3 138 11 60 27 176 15 49 9 123 24 190 7 31 6 184 25 199 26 101 14 186 8 41 16 187 28 119 
10 97 0 72 1 62 15 4 23 133 18 160 14 64 16 193 8 153 17 4 6 113 9 35 2 178 5 50 11 94 19 74 22 133 24 42 26 45 4 179 28 20 21 185 27 23 20 72 3 177 29 101 12 49 13 196 7 178 25 194 
2 199 26 151 23 177 28 36 15 60 1 110 0 67 25 119 9 86 21 95 22 113 8 53 12 76 18 110 5 140 3 13 13 49 10 145 4 198 6 129 24 163 17 103 16 110 19 64 14 122 20 26 27 67 11 178 7 110 29 127 
11 98 2 54 29 78 24 128 18 102 22 58 17 188 8 65 23 167 13 21 14 24 0 47 12 8 16 93 26 24 6 104 10 29 20 90 1 148 7 22 28 155 9 102 27 109 4 11 3 144 15 57 25 122 21 106 19 73 5 49 
15 41 20 176 7 95 5 155 23 69 21 197 4 116 0 158 8 65 28 54 19 185 18 131 27 77 22 91 11 121 16 115 3 117 6 171 29 115 26 110 12 11 10 138 24 147 17 14 1 181 14 83 13 177 25 16 2 21 9 7 
22 93 17 19 23 70 29 156 18 69 26 16 1 125 25 47 11 110 6 66 14 37 15 145 28 52 20 186 27 180 5 28 3 138 8 188 2 73 21 60 24 61 19 118 7 182 4 15 12 98 9 136 13 57 16 116 10 50 0 38 
29 24 1 190 0 184 9 194 6 125 23 28 15 56 11 11 10 188 18 196 3 100 14 52 26 127 8 108 16 189 28 186 13 137 25 159 7 72 19 117 4 188 17 139 24 183 22 98 5 95 2 8 20 120 12 163 27 140 21 134 
20 147 2 82 23 121 15 134 21 91 28 139 7 185 12 24 18 81 19 142 26 146 17 150 4 32 10 72 27 42 6 123 9 153 24 176 8 162 16 67 13 175 25 19 14 78 1 132 3 153 5 110 22 175 0 83 29 33 11 65 
19 181 4 159 1 39 7 14 3 107 21 61 17 81 14 81 0 119 2 161 24 14 9 161 6 189 16 79 10 43 18 3 15 173 25 184 29 60 13 133 12 39 5 151 26 101 11 126 23 79 28 98 8 42 27 102 20 112 22 7 
13 7 10 58 14 68 29 132 2 122 3 185 28 107 17 183 22 197 19 124 4 128 1 42 5 101 18 31 23 139 11 140 24 20 16 47 12 128 15 192 7 41 8 163 26 26 0 80 25 10 21 71 27 134 9 2 6 174 20 98 
7 31 29 36 2 148 20 10 18 6 14 126 1 97 12 50 17 65 26 59 4 96 16 13 11 130 22 88 0 135 13 94 15 41 8 171 28 111 27 129 6 90 10 35 19 136 23 167 24 176 21 44 3 118 9 158 5 128 25 89 
12 110 15 57 11 109 29 45 22 195 24 110 13 143 6 137 16 165 23 97 0 165 1 190 4 96 28 28 9 67 3 36 7 113 19 25 17 12 10 198 21 33 8 19 27 172 5 119 25 12 18 117 26 82 14 109 2 130 20 47 
13 116 19 200 22 92 26 154 21 6 11 36 2 58 3 178 5 137 1 191 6 88 27 131 29 60 16 83 20 138 4 95 9 33 15 182 14 95 28 165 25 81 10 188 0 136 12 163 7 116 8 178 17 121 23 131 24 39 18 14 
6 12 1 21 5 174 2 193 11 156 16 36 17 194 13 81 25 48 28 199 22 17 3 112 0 178 18 13 23 185 12 73 15 186 8 58 14 92 27 140 10 120 24 45 29 44 7 10 19 46 4 54 26 142 9 49 21 23 20 1 
17 161 6 119 21 153 29 37 23 73 26 25 5 55 13 131 2 143 28 16 22 179 15 27 4 82 7 58 14 182 3 32 16 9 24 138 0 124 18 73 19 153 10 25 9 73 12 25 11 109 1 149 25 28 8 12 27 68 20 192 
1 35 16 177 21 103 10 15 20 164 13 168 15 32 17 56 29 186 2 17 6 189 4 86 27 177 12 135 26 43 9 91 28 112 3 15 14 185 11 158 0 112 25 95 8 109 24 103 19 79 5 50 18 43 22 12 23 63 7 67 
4 13 24 130 13 114 7 117 1 102 23 29 19 11 22 21 5 28 17 29 16 144 25 131 20 142 28 34 18 194 2 110 29 81 9 98 27 165 14 151 3 43 0 48 12 153 10 67 21 163 11 112 15 179 26 175 6 20 8 20 
6 148 26 197 25 27 27 43 0 6 17 60 28 46 2 32 15 134 14 90 29 98 8 53 24 152 11 167 21 90 20 193 12 178 5 128 10 138 3 53 9 62 23 183 13 12 7 181 1 177 4 106 22 63 16 124 19 46 18 121 
3 172 7 69 27 191 20 8 21 41 1 89 11 72 22 161 4 126 25 88 8 48 2 94 17 139 9 25 5 56 0 98 24 77 16 56 28 49 18 106 23 17 6 20 14 34 13 32 29 50 12 68 10 87 15 196 19 23 26 112 
25 186 24 74 7 131 12 196 21 32 14 7 26 168 20 177 16 86 2 98 6 173 15 128 28 78 29 79 19 63 3 192 10 4 27 9 18 40 13 180 1 162 0 157 11 139 5 19 8 10 9 19 17 113 23 159 4 128 22 72 
19 38 12 75 1 115 20 125 18 66 26 172 8 194 10 180 13 10 21 134 2 110 17 43 25 145 23 143 29 40 27 26 4 100 3 20 6 94 7 133 11 121 22 186 24 39 14 93 16 8 9 174 15 122 0 104 28 89 5 35 
16 9 0 152 3 187 23 152 1 128 27 171 19 165 11 103 15 38 29 66 20 140 12 49 7 56 8 51 24 178 6 176 13 73 9 159 2 200 22 64 28 147 26 55 25 12 14 172 4 82 17 68 10 59 18 151 21 10 5 125 
1 23 22 66 26 58 23 83 11 71 28 26 14 25 21 140 5 141 24 126 25 173 7 70 29 175 6 114 0 71 27 78 19 189 4 179 18 90 12 78 17 135 9 198 13 112 15 163 8 84 3 127 2 197 10 116 20 40 16 76 
27 198 14 192 10 125 17 19 9 171 21 143 15 151 26 60 1 145 23 174 11 184 2 137 19 58 29 122 13 151 28 148 5 117 7 38 3 70 25 112 0 116 12 158 8 30 24 142 6 178 20 37 18 72 4 165 22 191 16 57 
14 80 9 175 1 28 5 113 3 167 10 200 27 4 16 106 28 68 11 53 15 53 25 170 20 17 18 84 21 21 12 101 29 48 24 15 2 80 6 115 22 22 23 56 0 152 4 135 26 146 8 102 17 71 13 30 7 138 19 10 
5 103 21 22 28 124 1 64 25 115 6 119 26 166 10 22 0 118 2 170 12 22 14 156 16 54 27 21 3 56 17 173 19 116 4 20 18 100 13 67 24 97 8 3 22 76 15 186 11 151 23 26 20 185 29 61 9 91 7 51 
14 42 23 123 1 172 24 173 16 77 22 113 29 21 15 10 13 132 4 48 25 180 28 52 20 191 11 136 3 132 5 180 8 22 6 21 0 90 10 54 9 180 12 1 2 28 19 68 27 29 7 55 18 17 17 196 21 167 26 48 
18 61 2 61 25 119 1 20 26 131 23 126 24 36 3 35 12 132 7 99 6 85 13 125 29 139 14 73 8 90 4 198 16 137 21 84 15 100 5 140 27 67 0 20 17 2 9 25 10 80 20 163 28 43 22 95 19 144 11 2 
24 26 10 172 29 48 13 130 0 40 18 128 11 55 28 123 23 66 26 114 14 116 19 93 4 182 3 59 16 165 22 100 17 8 6 82 21 2 15 61 8 37 7 109 20 81 1 35 27 161 9 145 25 128 5 81 2 160 12 122 

