90 35
24 89 30 200 21 98 5 94 14 58 12 61 32 191 34 164 22 159 25 80 1 35 4 197 18 1 15 9 26 37 29 137 23 150 9 163 10 59 28 154 2 129 17 38 16 105 20 58 13 99 6 152 0 192 27 124 11 63 8 185 7 168 19 189 3 89 31 100 33 114 
6 162 12 116 20 76 0 70 34 126 28 24 26 89 5 155 7 180 32 76 18 36 33 129 11 179 19 21 31 180 14 102 13 169 22 76 27 133 2 184 30 34 8 46 3 24 24 175 9 48 4 39 16 171 15 72 25 2 17 148 23 23 1 72 21 189 10 177 29 50 
8 95 22 50 29 119 34 132 3 63 10 110 12 4 9 185 25 119 4 128 2 150 18 100 19 22 24 176 23 32 14 128 31 42 5 186 28 39 32 37 27 8 15 128 13 6 11 163 7 72 30 162 20 182 16 87 26 174 21 144 0 87 17 81 6 14 33 8 1 138 
16 112 11 102 2 140 30 59 1 52 19 166 22 67 21 130 32 144 18 35 17 152 3 103 29 53 33 113 31 156 8 120 6 192 4 187 10 130 13 128 24 36 20 124 26 116 34 146 5 17 12 153 25 30 28 166 15 104 27 160 9 89 23 174 0 110 14 41 7 100 
12 64 18 37 7 155 6 84 13 36 26 121 5 7 16 47 14 94 33 117 10 41 17 50 1 186 29 165 24 133 9 103 11 65 3 46 8 58 21 108 30 125 28 97 22 193 4 60 27 65 23 60 2 130 15 97 19 113 32 29 20 48 25 58 31 114 34 174 0 43 
31 109 24 106 21 33 25 116 33 31 34 119 2 172 7 185 23 100 1 41 27 116 10 92 5 55 4 117 13 2 29 163 11 96 22 126 8 179 14 123 0 158 20 78 26 55 19 177 16 24 17 39 15 184 32 185 9 65 6 12 12 101 18 31 28 108 30 107 3 37 
33 114 24 149 14 104 27 150 7 119 21 145 25 181 32 157 16 62 18 64 4 112 29 134 11 24 23 89 34 133 19 46 10 35 31 172 1 30 28 166 8 118 5 91 30 69 15 85 26 37 2 143 0 93 6 25 12 28 3 83 13 132 22 91 17 150 20 105 9 51 
19 143 10 53 4 104 16 141 15 166 21 127 9 4 13 162 25 56 28 154 30 112 12 32 3 15 24 5 29 133 1 139 34 57 23 113 7 189 33 78 22 160 14 104 11 43 2 131 20 147 5 68 0 125 18 57 31 153 17 61 26 163 6 64 27 88 32 110 8 176 
0 151 9 193 8 183 5 131 7 63 31 194 27 3 15 125 20 11 1 189 21 87 3 195 24 128 23 14 34 119 12 6 17 170 4 142 2 127 13 10 29 144 14 166 10 121 30 18 6 75 22 36 18 22 19 55 16 11 25 119 28 133 11 177 26 158 33 165 32 22 
19 3 25 188 10 27 23 25 6 187 26 118 28 120 27 59 13 196 5 174 20 64 21 38 34 39 15 69 31 45 3 187 18 123 11 45 30 42 24 45 4 171 0 70 12 22 17 144 22 192 9 197 7 50 8 81 33 61 2 146 32 137 14 76 29 89 16 75 1 7 
21 59 34 77 2 70 7 60 28 42 33 41 5 128 3 151 9 184 18 58 15 19 6 129 25 38 22 25 0 141 23 72 19 137 10 77 16 160 11 195 32 193 14 73 12 180 30 22 4 158 27 78 26 149 17 41 20 32 8 83 1 68 13 56 29 91 31 149 24 17 
28 153 20 36 1 177 23 148 32 2 3 63 9 45 33 2 4 24 27 99 22 77 18 63 15 6 30 119 0 164 7 191 2 195 5 113 12 15 24 57 31 31 6 73 16 24 34 93 17 168 10 104 29 92 26 125 14 67 25 49 11 191 21 108 8 63 19 64 13 98 
12 58 9 9 18 2 16 159 30 147 4 2 21 80 25 178 19 176 8 14 22 38 6 25 1 56 15 192 33 118 23 199 7 121 27 184 28 111 3 187 20 189 2 92 5 107 10 22 26 124 24 154 34 116 0 58 17 120 32 123 11 167 13 45 31 5 29 4 14 147 
14 88 8 14 6 35 25 178 34 152 23 140 28 192 24 161 31 156 13 56 27 6 3 167 12 71 30 2 15 43 10 93 20 176 9 120 32 56 16 134 26 127 11 108 1 7 17 197 4 88 19 13 0 154 29 181 7 128 22 183 33 138 2 80 18 3 21 33 5 70 
29 24 25 167 17 39 6 95 0 72 34 60 24 39 32 151 15 159 2 7 26 191 1 78 7 24 13 55 23 175 20 166 27 24 21 178 28 158 16 22 30 19 19 25 12 42 10 126 18 42 31 196 11 90 4 151 22 138 33 98 5 186 8 155 3 6 9 170 14 187 
27 181 24 104 16 30 33 134 14 114 34 43 22 131 6 98 29 96 25 177 0 77 5 19 15 8 18 125 30 58 21 176 17 95 20 188 19 43 2 177 23 151 3 88 28 121 10 79 7 161 13 144 4 81 1 190 32 15 11 107 9 196 12 5 8 153 26 35 31 72 
14 199 10 121 20 108 9 36 18 65 26 138 25 161 31 84 21 4 34 174 15 199 13 88 27 91 29 61 1 17 8 23 28 129 12 88 23 25 32 27 24 27 17 154 2 6 30 4 7 68 4 54 33 187 5 190 19 90 6 197 11 75 3 124 0 115 16 54 22 81 
17 109 21 130 0 2 30 25 31 170 13 176 5 120 3 176 1 78 28 176 29 106 4 100 23 89 8 113 7 175 18 116 33 40 15 139 20 91 22 101 24 188 2 198 19 6 32 66 12 120 11 179 27 187 26 34 14 3 10 184 9 87 16 180 34 68 6 174 25 132 
5 68 32 38 9 31 10 164 0 14 19 32 29 25 2 6 30 104 27 98 7 18 23 30 34 7 1 32 33 7 14 143 31 69 28 135 26 128 13 109 25 174 11 118 4 56 6 4 12 97 22 157 16 94 24 139 20 137 21 188 15 101 3 30 17 28 8 83 18 21 
16 99 8 75 15 46 27 50 19 77 2 152 26 3 31 135 13 32 20 190 30 39 34 11 32 115 12 182 1 83 7 130 14 139 29 47 3 65 5 112 24 150 17 197 18 105 6 147 23 154 22 21 33 174 9 200 11 43 28 158 0 163 21 84 4 158 10 60 25 73 
31 101 1 56 2 193 14 58 13 134 27 78 25 26 8 105 6 32 17 199 18 118 7 102 5 71 23 154 16 98 22 135 26 171 20 115 32 185 29 62 30 24 15 184 34 190 24 109 4 109 33 81 21 98 11 53 12 61 10 18 19 96 0 100 28 79 3 171 9 183 
31 147 7 163 5 91 33 31 0 128 8 76 24 194 10 43 6 131 3 43 18 29 22 120 16 87 1 130 21 25 2 125 11 191 4 200 25 170 12 3 19 83 15 148 23 11 17 66 14 52 34 107 28 85 20 110 27 158 26 151 30 40 29 74 32 119 13 164 9 162 
5 22 7 31 11 55 9 116 18 19 19 192 12 124 2 191 8 83 4 133 31 96 26 8 6 93 27 102 22 68 13 92 15 96 24 143 21 39 29 22 3 63 34 12 0 100 16 127 17 2 28 157 14 69 30 200 20 17 1 69 25 191 23 88 33 148 10 90 32 29 
1 159 3 42 10 150 13 91 0 38 31 23 2 137 21 165 20 26 26 100 25 169 14 51 8 42 34 114 33 198 18 152 24 48 5 126 11 148 9 198 29 198 27 51 15 134 7 185 32 138 22 20 28 157 16 115 6 195 19 179 30 70 17 1 12 15 4 39 23 128 
0 27 28 95 10 108 24 141 13 9 1 77 19 50 5 25 12 49 16 19 29 45 2 128 3 175 15 13 32 81 23 115 6 69 30 181 11 115 20 101 31 85 21 103 22 69 27 168 25 40 18 101 17 182 7 162 4 21 14 78 33 83 9 78 8 184 26 34 34 73 
16 16 18 11 29 8 2 48 13 194 10 110 3 15 19 33 5 163 1 85 14 94 33 68 15 145 20 190 31 45 4 105 0 82 25 2 32 171 17 33 11 94 21 176 26 178 23 63 22 137 7 100 6 125 30 41 24 103 28 43 27 191 9 134 8 192 34 10 12 108 
33 170 24 118 2 121 13 37 17 194 5 19 22 173 32 77 27 44 15 47 9 7 21 12 25 81 29 34 6 32 18 124 7 191 30 15 14 67 16 170 26 58 34 132 0 192 11 112 4 56 31 190 12 54 23 75 1 54 3 12 20 25 8 129 19 55 28 71 10 57 
19 35 32 182 29 61 12 23 13 49 34 115 25 188 16 24 27 99 3 29 30 98 15 67 0 193 23 14 21 39 7 82 18 133 4 81 33 190 31 93 26 84 6 125 2 195 10 135 1 105 11 136 22 24 24 92 5 46 9 107 14 140 28 132 20 89 17 16 8 36 
28 196 26 190 29 160 11 140 20 175 5 178 30 176 15 126 3 126 16 23 33 38 18 18 32 10 21 146 4 24 27 158 2 82 13 107 9 130 34 84 23 137 31 126 12 109 0 177 14 145 10 104 1 140 25 190 7 142 8 147 6 146 17 169 19 15 24 34 22 198 
8 169 25 105 30 87 27 190 22 126 34 170 11 144 29 99 2 61 9 192 10 165 28 170 16 108 1 5 23 3 21 29 33 138 5 197 15 16 13 22 26 170 20 82 12 30 0 54 18 191 24 195 17 165 14 179 6 196 19 47 31 50 32 55 7 108 4 196 3 41 
8 196 18 145 10 185 6 45 33 156 31 161 13 27 24 114 22 37 27 191 0 196 19 180 5 30 20 141 14 190 11 184 29 73 28 174 30 61 3 27 26 125 17 19 21 152 4 171 23 200 32 109 9 39 15 70 12 9 34 131 16 179 2 18 7 88 1 129 25 170 
20 179 32 123 4 30 16 145 12 185 23 85 2 89 7 149 25 27 1 61 13 40 34 175 14 94 22 121 8 80 19 70 18 88 26 92 10 129 0 175 5 139 6 142 27 195 21 11 11 75 15 70 17 57 29 51 28 124 9 178 30 140 33 167 3 170 31 171 24 158 
20 118 3 148 28 131 21 93 23 50 13 59 14 193 30 72 31 65 7 33 1 22 16 134 8 59 4 117 6 163 9 132 19 157 17 46 5 138 26 153 12 125 0 93 22 62 25 80 15 171 24 72 27 41 10 74 33 109 18 161 29 22 34 90 32 156 11 169 2 74 
16 195 32 132 12 182 19 194 27 54 34 131 30 37 33 47 20 163 18 90 25 192 17 164 1 61 15 37 9 96 3 158 8 97 6 101 14 72 28 195 21 167 11 197 7 194 31 154 0 8 23 164 26 120 29 150 10 70 13 99 22 33 5 25 4 91 2 137 24 138 
11 112 29 62 21 178 2 166 28 54 30 147 18 140 27 65 0 26 7 138 1 67 6 77 5 194 26 157 23 41 32 115 20 159 9 66 4 161 24 46 25 18 16 181 14 128 34 196 22 156 31 120 10 87 17 11 13 131 15 134 33 141 12 145 3 178 8 129 19 137 
18 84 17 109 0 35 30 189 11 137 20 7 27 84 33 37 1 47 26 154 34 171 25 74 28 140 5 126 13 153 10 153 29 128 8 100 3 167 23 27 21 76 22 190 19 189 31 179 2 124 16 122 24 183 15 166 4 137 14 134 9 137 12 141 6 34 7 48 32 146 
31 25 28 150 29 163 30 5 32 18 7 175 5 126 21 47 20 182 15 134 2 49 9 68 34 85 6 76 3 46 14 186 12 92 11 199 0 109 18 176 4 94 27 111 17 144 25 125 13 16 16 98 23 169 26 110 22 44 1 17 19 192 24 118 33 155 8 174 10 197 
15 189 19 184 6 85 5 189 9 193 11 200 16 189 17 83 4 118 28 174 18 21 20 130 21 134 23 10 12 120 27 112 24 81 33 57 26 78 13 2 32 101 3 149 31 138 1 74 29 20 7 172 25 77 10 8 30 92 14 125 8 141 22 130 0 69 34 99 2 32 
23 94 34 40 31 30 12 73 2 75 29 77 18 82 14 14 19 50 9 171 15 157 28 155 5 56 27 11 33 141 0 155 21 163 25 72 8 174 22 96 4 150 26 186 16 105 32 101 7 59 20 3 3 199 24 124 6 4 13 121 10 177 11 43 1 195 17 188 30 42 
0 122 32 54 12 132 22 155 16 81 11 154 10 23 6 38 27 186 2 25 1 135 18 13 30 65 19 90 28 12 9 153 14 4 8 112 26 154 17 11 20 182 34 195 15 87 21 96 24 143 29 139 13 139 3 193 4 87 31 31 5 74 7 200 33 136 25 96 23 122 
16 123 4 148 23 56 13 2 26 157 21 178 24 159 34 53 31 37 28 167 18 19 6 151 5 135 2 151 30 199 27 35 25 89 15 67 12 155 7 48 9 93 14 192 3 163 0 156 17 14 10 24 22 33 19 19 8 165 20 118 11 148 33 96 1 90 32 91 29 167 
22 127 4 178 8 167 17 137 18 110 33 131 7 92 10 148 11 124 9 90 32 68 0 172 15 199 3 168 21 122 13 153 19 150 30 63 31 72 34 24 5 42 1 159 16 14 29 114 23 93 26 7 25 54 20 147 24 164 28 196 6 129 2 178 14 119 12 85 27 66 
1 190 4 97 12 64 9 142 19 115 14 97 0 18 8 123 3 73 25 123 17 75 20 99 18 184 10 107 34 154 5 159 23 115 11 61 26 189 7 174 31 31 2 148 30 196 32 155 29 173 28 153 22 149 24 159 21 83 27 23 15 138 33 157 16 53 13 125 6 117 
6 169 14 45 5 127 33 178 22 148 4 111 10 38 1 145 30 111 15 180 8 124 23 128 28 91 27 192 26 34 31 81 0 57 32 134 19 184 13 191 16 77 11 23 3 87 17 60 21 120 20 68 12 140 34 62 25 111 29 116 18 12 7 198 24 118 9 119 2 171 
34 117 6 34 22 2 7 116 3 100 12 123 32 184 20 161 13 115 26 148 8 188 24 83 16 153 5 177 15 125 11 45 27 84 10 79 2 165 0 36 29 89 4 4 23 93 1 67 33 71 9 143 25 27 28 178 17 134 14 196 21 19 19 123 31 127 18 83 30 168 
33 156 3 186 4 7 14 14 6 174 25 60 24 41 20 58 18 182 28 36 9 102 16 54 30 108 1 56 29 147 2 154 23 59 0 75 17 149 13 56 10 174 22 143 5 17 26 51 31 33 34 19 15 71 12 195 32 30 21 50 11 97 8 187 27 138 19 156 7 13 
11 197 0 133 9 7 23 15 18 135 32 28 24 63 28 199 8 107 17 75 2 61 15 58 31 172 20 81 22 1 4 46 1 25 3 4 6 28 19 78 33 161 14 35 7 196 5 85 27 195 10 86 25 61 12 17 30 1 16 23 29 71 34 106 26 84 13 37 21 12 
26 90 17 56 20 97 23 46 28 14 31 131 15 93 6 28 9 163 8 61 29 189 5 159 16 30 10 140 1 151 19 34 0 31 22 77 14 88 4 103 32 199 33 54 7 34 18 5 34 190 27 169 21 13 2 21 25 137 12 93 24 169 13 66 3 22 30 167 11 56 
16 164 2 40 34 188 31 174 11 46 24 13 22 37 20 175 21 72 5 75 9 106 17 94 14 21 28 155 10 81 4 104 1 138 18 137 12 159 13 39 30 197 15 39 6 184 3 77 27 81 25 59 0 101 26 107 7 75 19 96 32 99 23 165 33 14 29 87 8 15 
0 85 13 101 18 70 22 193 33 112 17 185 1 11 8 94 3 191 5 6 26 146 7 46 30 78 19 84 6 29 10 120 28 90 34 40 21 190 32 129 11 59 31 151 4 99 24 131 16 106 23 175 2 64 25 30 20 55 9 124 14 53 12 195 29 38 27 117 15 121 
26 104 19 16 23 86 34 157 1 181 31 178 12 59 10 14 32 21 0 144 5 93 33 56 13 126 27 105 25 103 22 130 28 38 16 145 9 129 14 24 8 26 24 92 3 5 4 159 30 152 29 167 2 53 15 139 11 150 6 96 21 95 18 62 7 131 17 121 20 133 
0 24 14 100 9 25 24 32 33 126 21 127 1 173 23 22 28 197 29 57 6 142 12 3 2 176 13 198 17 152 11 109 4 66 27 105 8 190 30 172 31 48 3 36 18 187 20 98 16 87 32 31 34 30 15 71 26 66 5 35 25 58 10 25 7 194 19 44 22 21 
24 63 6 45 12 99 21 52 2 26 4 15 23 149 13 155 18 36 15 76 11 7 34 141 30 162 16 130 31 151 5 150 28 157 0 23 26 154 14 127 25 69 32 165 3 141 22 127 8 15 7 11 19 37 17 148 9 29 10 15 33 44 27 182 1 41 29 32 20 115 
28 197 20 67 22 45 13 160 3 108 15 186 23 158 19 23 21 113 9 128 2 137 33 107 12 49 26 116 32 128 10 162 11 128 8 113 31 158 29 100 16 10 17 187 6 105 4 48 14 41 27 2 0 31 18 34 30 188 34 121 5 150 7 138 1 198 24 159 25 88 
4 56 29 18 8 69 16 52 10 55 31 76 25 19 26 81 22 158 9 9 7 127 17 32 20 166 28 89 15 172 0 114 21 131 30 66 2 170 13 170 19 66 23 101 12 177 5 175 1 162 18 160 6 23 32 66 14 21 11 188 34 80 24 181 27 186 3 51 33 104 
2 161 12 200 33 59 29 119 26 15 28 87 18 123 31 18 11 39 21 108 14 81 34 78 10 46 16 59 20 111 4 148 27 152 8 174 24 139 13 15 7 139 6 108 22 165 23 193 3 146 32 42 30 52 15 24 19 105 25 193 0 169 5 69 9 105 1 96 17 11 
5 163 33 57 8 65 26 41 20 2 12 187 27 75 17 66 4 18 3 102 28 82 21 98 23 108 0 138 9 117 13 32 15 184 10 8 16 88 7 103 30 17 6 187 32 197 19 2 2 36 11 102 24 92 31 123 14 125 22 36 29 52 1 176 25 18 18 106 34 5 
22 112 31 166 14 111 24 55 21 101 19 38 20 103 11 12 4 94 6 170 27 170 9 161 25 59 7 40 34 130 10 69 8 29 32 12 23 100 28 85 17 15 18 170 1 188 0 156 26 3 16 44 2 64 3 109 15 18 5 128 33 23 30 35 13 115 29 18 12 105 
21 49 29 154 15 161 0 146 6 53 20 106 7 149 2 26 31 170 13 42 25 121 26 183 11 192 12 162 3 178 8 156 4 39 17 199 27 102 24 181 5 53 18 32 34 102 28 61 23 46 16 116 1 137 14 45 33 180 19 98 32 71 22 153 9 191 10 91 30 130 
34 6 30 152 20 26 15 173 25 33 21 184 8 165 1 48 10 88 13 153 18 117 33 170 22 54 28 198 5 188 9 116 16 42 7 122 19 15 23 48 4 182 0 109 2 190 12 143 6 22 31 117 3 63 11 82 17 56 24 43 29 122 26 46 32 78 14 117 27 176 
33 99 18 119 10 156 15 39 24 157 13 51 32 6 27 10 12 181 6 155 4 84 8 115 0 83 22 110 30 12 2 194 26 158 1 19 25 50 31 188 34 115 16 45 23 172 19 167 21 164 3 119 5 35 29 51 11 131 28 107 20 159 7 26 9 144 14 179 17 129 
20 47 31 28 11 197 1 34 7 183 19 89 2 34 27 165 5 25 34 9 4 123 3 178 6 73 25 19 33 61 9 185 17 134 15 3 30 8 29 68 14 139 21 133 13 53 24 114 8 165 28 39 16 64 26 4 22 170 18 160 23 153 0 1 10 139 32 100 12 129 
11 190 13 53 7 100 5 150 15 131 0 38 20 29 26 46 6 10 32 4 27 49 14 180 3 153 12 73 2 122 18 199 23 182 22 106 34 71 24 183 33 190 25 38 30 18 1 183 19 158 4 186 16 69 17 28 31 192 10 43 8 61 9 96 28 128 21 51 29 46 
5 83 17 133 29 162 18 30 34 115 8 98 1 191 21 139 0 7 22 117 25 148 26 114 10 7 16 85 7 2 31 98 15 145 11 167 19 85 32 130 13 159 30 47 4 163 9 57 28 173 23 126 33 159 2 60 12 154 27 105 14 187 3 147 24 37 20 15 6 115 
0 170 6 2 3 69 1 36 5 51 4 72 22 39 28 196 8 176 27 164 33 147 15 14 13 43 10 25 21 1 23 196 34 84 26 7 11 147 17 67 31 56 30 188 9 54 25 180 7 172 19 174 16 161 2 114 18 123 12 19 32 177 14 36 24 120 20 160 29 160 
12 91 6 64 7 45 2 42 30 113 17 95 33 84 19 163 21 199 0 22 5 53 13 86 3 15 11 70 27 35 20 120 8 194 9 104 24 134 25 32 23 164 4 117 34 85 16 27 32 179 28 140 31 156 22 122 14 111 18 26 15 76 1 77 29 44 10 34 26 16 
30 166 27 30 13 35 25 2 12 31 29 168 7 88 33 26 14 117 11 94 10 33 22 163 5 183 19 25 0 193 20 128 24 125 9 122 17 178 4 105 2 178 28 2 26 97 18 20 1 109 8 58 3 49 21 123 16 70 23 47 32 56 6 192 15 143 34 14 31 45 
29 148 14 153 1 177 7 145 12 108 26 143 21 196 6 51 19 35 34 187 5 158 23 116 33 10 8 190 25 133 9 51 20 14 4 1 16 85 11 52 32 15 18 77 15 160 28 13 31 154 24 11 22 161 17 153 13 189 27 173 30 138 10 154 0 6 3 122 2 152 
29 144 18 20 9 173 14 135 8 46 22 186 19 87 32 57 21 63 27 48 2 13 34 152 15 197 5 16 26 96 24 37 7 102 25 174 6 135 23 29 28 157 12 131 17 31 3 147 33 169 10 138 31 55 16 188 11 161 13 121 20 49 30 115 1 14 4 103 0 50 
11 32 15 134 33 22 12 43 13 130 17 110 32 127 25 38 16 35 27 92 28 157 1 44 4 6 34 81 21 171 22 184 20 76 30 198 5 31 3 62 23 123 0 56 18 23 7 80 6 91 8 177 19 97 2 135 26 70 9 110 29 20 24 69 10 167 31 114 14 78 
25 124 12 85 5 121 30 79 18 5 21 128 31 48 14 12 15 48 26 28 13 159 10 140 32 28 4 143 8 61 19 75 33 171 24 1 3 178 34 55 16 76 22 178 11 52 20 190 9 83 29 148 17 47 23 108 7 119 6 54 2 156 0 98 27 145 28 164 1 161 
19 26 10 56 26 51 6 52 32 36 3 195 22 157 34 105 31 75 5 191 17 14 11 131 7 180 24 52 30 70 12 7 23 104 2 110 4 135 14 48 21 198 33 180 13 40 0 54 15 77 18 7 8 128 28 186 9 144 1 10 29 158 25 174 27 115 20 148 16 195 
31 137 12 96 8 153 23 52 3 78 32 173 34 101 1 97 11 46 13 57 30 33 33 80 21 115 4 21 9 189 24 48 16 146 7 143 29 173 19 185 18 139 5 154 15 36 10 147 27 144 6 147 25 34 20 76 28 87 14 163 2 77 0 46 22 187 17 24 26 124 
8 54 28 72 7 85 32 189 18 68 4 94 34 15 12 170 19 123 33 111 1 143 3 107 27 79 14 124 9 29 25 16 22 59 26 199 17 10 2 128 13 160 20 7 31 177 5 44 24 35 29 154 21 157 15 115 23 9 30 100 16 100 10 60 11 82 0 164 6 107 
2 39 3 61 21 173 32 126 34 54 23 9 22 76 9 89 8 68 7 10 0 174 1 14 31 100 10 36 6 104 18 8 14 16 24 111 19 173 13 66 28 22 11 121 30 148 25 200 29 8 33 2 15 170 26 74 16 132 27 52 17 18 20 110 12 165 5 167 4 71 
2 18 34 166 16 62 6 17 29 73 5 188 18 6 3 154 15 77 32 93 30 163 12 8 8 87 24 81 31 152 23 42 26 185 11 42 25 110 33 168 19 52 20 161 21 89 0 171 14 140 28 41 7 95 22 184 17 52 9 161 4 133 27 90 13 162 1 27 10 118 
31 48 16 69 17 187 20 112 22 180 34 154 13 14 27 78 19 97 32 88 26 31 9 48 24 164 0 66 25 42 33 33 1 187 30 92 8 164 18 147 4 105 6 84 5 105 11 120 23 115 14 189 28 105 10 87 29 146 21 68 12 97 7 119 3 89 2 82 15 36 
1 69 8 30 29 40 13 11 3 194 15 163 16 130 17 172 7 66 21 65 14 62 33 173 22 70 11 68 32 33 27 40 30 18 28 172 12 157 0 20 25 146 23 145 24 154 6 187 31 79 2 64 34 158 9 59 19 99 20 137 5 144 26 61 4 166 18 196 10 5 
20 155 0 31 24 66 32 13 12 43 8 74 25 194 13 17 27 113 4 113 29 68 21 38 16 193 14 49 11 82 7 93 22 141 26 25 1 53 31 149 28 50 2 105 6 157 17 91 9 2 33 51 5 12 23 184 18 134 3 82 34 29 15 183 19 76 10 10 30 15 
21 153 34 142 4 83 11 158 10 152 15 164 23 154 0 24 24 151 17 176 13 122 5 21 26 71 9 126 22 35 32 97 25 119 27 100 33 98 18 98 20 21 16 51 29 45 7 128 3 102 2 188 31 112 30 65 14 124 1 70 19 181 6 42 28 123 12 106 8 25 
12 136 34 109 24 82 7 75 1 110 22 30 4 98 29 129 3 167 31 44 8 198 13 40 19 97 16 186 5 189 28 26 0 88 2 133 23 176 25 162 14 37 6 192 30 193 20 56 10 163 9 101 18 72 27 2 15 143 26 142 11 82 21 177 32 36 17 113 33 73 
12 36 10 159 34 47 11 95 33 23 28 104 23 135 0 107 19 123 17 1 13 106 6 77 1 162 29 55 14 139 25 139 7 33 16 117 24 20 32 10 4 113 31 25 3 176 9 91 30 33 8 150 21 85 22 45 15 6 18 76 5 71 20 192 2 90 27 186 26 68 
19 150 20 180 6 133 17 189 34 43 26 146 23 44 16 130 14 184 8 58 3 39 7 155 5 97 11 114 0 69 21 9 4 140 24 164 2 40 13 10 22 131 27 116 29 170 9 12 15 159 32 106 33 114 12 116 30 184 25 14 31 48 28 21 1 185 10 76 18 136 
23 169 20 91 17 129 4 169 26 156 15 136 18 130 21 41 11 102 34 196 14 100 10 181 19 182 3 185 8 77 6 79 7 40 30 173 29 46 25 73 33 143 16 125 28 66 27 139 1 193 0 53 24 139 5 22 13 11 9 108 32 72 12 119 22 102 31 137 2 27 
12 199 11 25 28 181 8 10 20 52 34 89 27 13 14 175 32 24 4 107 25 67 24 147 0 48 22 66 33 103 30 84 16 54 17 33 21 174 26 32 3 136 18 37 10 125 31 15 29 145 15 33 5 166 1 1 2 157 13 138 19 68 6 112 7 101 23 188 9 159 
3 110 33 184 1 162 4 150 2 79 0 193 13 114 18 153 12 25 11 86 21 12 19 59 14 170 34 194 28 193 31 91 17 148 9 8 27 153 32 18 30 90 10 141 15 71 23 75 26 129 16 198 24 90 8 14 5 78 7 87 29 119 20 86 22 88 25 162 6 6 
0 155 17 124 31 139 14 32 33 74 26 75 30 60 22 154 1 3 32 187 21 81 20 28 29 36 10 61 28 119 13 50 11 144 24 117 7 103 18 173 19 167 2 88 9 157 25 24 5 199 27 185 34 38 16 69 23 163 15 126 12 167 6 22 4 191 8 67 3 149 
11 147 12 158 5 119 20 132 29 74 33 190 32 198 2 175 1 115 30 92 21 109 9 187 31 4 24 16 25 198 14 79 22 51 10 149 34 118 0 77 4 76 7 186 23 17 26 176 15 64 16 35 17 53 3 197 13 95 27 53 28 74 19 79 18 149 6 115 8 34 
1 122 30 180 10 16 34 100 13 147 28 186 31 40 6 17 12 150 2 37 29 130 7 100 23 28 32 151 16 1 15 172 25 169 5 14 0 162 19 16 26 194 20 78 33 7 4 54 21 194 24 62 17 179 8 126 14 7 27 11 3 158 18 16 22 73 9 26 11 76 
1 10 10 171 11 114 5 74 3 70 23 89 33 137 14 92 27 93 26 132 31 52 34 15 25 176 0 174 18 150 9 47 29 124 17 18 22 83 7 160 28 114 16 150 4 45 24 179 30 15 32 166 20 54 12 45 15 139 21 186 19 83 6 113 8 175 2 157 13 47 

