80 30
23 121 12 178 10 115 9 144 28 46 6 181 4 126 14 175 25 11 21 197 17 65 11 177 29 20 26 27 7 19 2 99 3 93 22 128 20 123 8 122 15 157 0 4 16 86 19 74 27 62 13 14 24 141 1 142 18 21 5 35 
10 82 17 21 15 78 3 196 28 93 8 154 29 58 23 95 4 146 0 15 6 94 20 94 13 185 21 145 2 22 27 74 7 54 5 20 9 117 16 78 22 73 19 48 14 50 26 73 12 198 11 26 24 125 25 91 18 80 1 153 
6 96 28 113 18 196 1 79 14 105 7 75 24 3 23 52 21 83 9 175 15 69 4 10 2 150 25 100 19 15 22 151 11 55 5 135 8 39 26 92 12 53 13 79 17 34 20 31 29 51 16 82 10 44 27 39 3 70 0 150 
9 79 24 157 26 30 1 50 5 117 12 8 27 46 10 83 4 112 2 109 3 157 20 76 14 126 16 124 22 52 23 32 17 128 18 74 29 7 13 140 21 36 19 114 6 82 15 148 11 43 8 12 25 139 7 131 0 160 28 140 
18 188 17 29 9 65 6 144 20 14 10 131 12 59 22 142 13 116 15 131 25 152 27 175 0 23 2 68 16 188 29 127 26 2 1 129 8 167 23 34 19 76 4 59 11 108 24 170 7 119 14 139 5 166 3 112 21 122 28 8 
12 31 25 154 3 4 17 118 9 62 7 22 15 101 4 126 1 143 16 149 29 81 2 34 22 26 13 15 26 56 0 200 19 126 5 28 18 50 6 171 24 145 8 189 10 59 27 74 21 126 28 78 20 140 11 97 14 28 23 164 
18 123 13 37 12 34 21 46 20 113 29 142 15 63 11 103 9 156 6 190 10 173 28 93 2 27 14 163 17 99 5 1 4 137 25 129 27 113 24 110 0 46 1 63 22 23 7 24 16 156 19 6 8 41 26 135 3 117 23 12 
25 178 10 104 0 56 28 171 17 93 18 69 8 196 27 124 12 67 13 167 7 178 15 137 5 32 9 120 29 148 16 102 14 173 11 154 24 144 19 141 26 125 2 17 23 23 6 144 1 155 20 68 4 56 3 27 21 124 22 111 
21 83 23 185 19 45 14 5 15 107 22 21 2 93 17 55 25 20 3 14 13 175 12 177 20 157 5 97 0 100 29 65 6 47 9 8 26 118 7 175 27 2 28 115 11 35 18 73 4 105 1 178 10 184 24 5 16 155 8 83 
28 13 3 68 12 87 27 120 1 56 26 70 9 60 23 8 16 47 5 57 19 105 29 187 13 184 7 126 6 31 18 107 17 132 8 21 15 42 24 65 10 92 0 117 22 57 25 187 2 196 20 97 11 63 14 138 4 127 21 178 
20 7 9 61 28 190 15 55 4 103 7 120 21 95 12 1 1 150 13 28 24 181 0 131 5 144 26 90 23 9 29 53 11 87 25 51 27 114 18 40 19 189 17 43 14 39 16 74 10 198 22 70 8 70 2 199 6 152 3 128 
26 66 22 82 13 147 8 130 6 184 27 190 1 5 11 54 5 114 19 188 0 169 15 66 9 118 2 120 12 119 10 195 3 44 4 42 28 135 20 75 25 73 29 45 21 114 24 137 14 66 18 152 23 78 16 31 7 56 17 76 
28 64 4 4 25 5 11 38 0 4 7 77 24 83 18 141 17 161 13 113 15 61 10 176 22 13 23 4 8 70 19 37 2 136 14 198 16 182 1 198 9 21 26 139 21 37 3 18 20 54 27 182 12 153 29 33 5 3 6 147 
6 93 18 87 16 20 1 58 13 136 19 172 22 65 28 123 7 182 9 132 26 38 25 164 8 104 21 64 15 28 17 184 24 6 14 139 27 122 3 181 23 68 10 18 29 142 4 133 12 80 0 55 2 149 5 170 11 30 20 191 
17 48 2 40 24 92 7 101 18 160 29 5 3 152 23 185 13 103 25 136 0 83 12 40 27 76 9 178 14 187 16 91 1 89 19 161 5 196 26 140 4 140 21 53 6 5 8 18 22 12 28 111 10 82 11 155 15 99 20 9 
15 110 6 28 19 142 2 120 26 151 3 86 27 20 7 19 28 4 18 125 8 74 24 74 9 53 1 199 21 98 17 60 20 98 23 14 16 166 12 63 14 162 29 66 10 185 22 135 11 162 4 192 25 130 5 185 13 88 0 123 
13 44 0 18 21 16 8 163 10 65 24 38 7 74 9 115 25 85 16 111 20 158 26 155 27 199 1 130 4 102 3 35 18 40 2 164 29 158 23 168 14 109 28 111 6 80 17 180 19 16 5 187 11 61 15 44 22 111 12 156 
17 31 10 93 4 63 7 153 9 41 3 110 26 132 23 76 24 112 8 196 19 110 6 34 15 10 0 149 28 15 27 11 18 169 5 18 14 160 22 152 21 41 16 17 11 163 12 69 2 45 13 77 20 172 1 148 29 20 25 51 
15 199 18 81 22 166 24 59 5 94 11 176 16 180 10 12 1 138 4 156 2 67 6 101 23 189 20 174 17 136 21 78 7 10 29 24 25 66 14 111 0 48 8 39 26 188 3 89 28 18 13 119 12 131 19 200 27 121 9 107 
29 8 5 172 20 185 16 189 11 51 17 4 8 87 1 180 3 17 2 79 12 133 10 42 27 63 22 55 28 79 23 140 14 127 21 179 0 52 19 182 18 103 13 17 7 66 25 118 4 106 26 161 6 109 9 174 24 9 15 4 
8 80 21 145 15 29 17 130 7 12 24 63 11 118 12 76 26 2 2 140 20 24 25 97 6 48 1 118 13 125 4 32 9 157 16 75 10 44 5 113 19 156 23 55 27 38 29 7 22 65 18 152 14 16 28 72 3 29 0 86 
24 120 12 150 14 72 13 183 16 121 25 54 1 12 10 106 19 56 0 195 7 171 2 59 3 195 20 115 15 114 22 2 27 128 11 24 29 171 8 32 26 135 4 154 23 195 28 75 21 65 17 50 6 98 9 23 5 136 18 91 
20 149 23 194 24 54 1 75 22 63 10 31 17 54 0 93 8 20 13 170 27 41 16 169 4 139 18 106 26 60 9 182 3 143 11 153 21 103 29 51 2 75 25 183 14 97 19 90 6 160 5 124 15 174 12 130 7 162 28 153 
21 101 12 179 8 183 14 99 20 81 1 178 24 169 5 22 6 110 22 111 25 100 27 56 3 116 9 150 10 143 17 92 2 154 23 116 26 6 19 84 13 156 7 36 28 140 16 153 4 97 11 146 15 132 18 151 0 49 29 100 
5 66 16 65 26 7 1 143 20 77 10 53 22 195 0 1 9 37 28 22 11 120 19 63 15 56 17 114 25 68 14 191 6 9 23 49 21 199 7 31 2 53 29 184 27 119 24 59 8 184 18 14 3 107 13 198 4 156 12 81 
18 196 3 87 1 62 6 145 22 137 5 147 8 34 2 192 10 32 19 72 25 194 24 156 15 72 12 71 20 128 17 96 9 9 11 94 29 138 23 148 27 165 28 194 7 91 4 185 14 20 13 35 21 117 0 10 16 194 26 42 
1 85 16 159 3 84 2 176 11 155 26 147 24 167 25 119 19 71 17 93 18 168 10 63 29 148 20 119 8 47 4 149 5 96 7 156 28 159 9 19 21 189 0 129 27 120 12 21 23 124 22 154 6 146 15 18 13 31 14 92 
15 17 5 153 13 181 26 62 29 1 2 44 22 143 20 49 9 33 25 188 6 80 19 115 16 109 7 139 23 5 14 171 24 105 10 4 8 173 1 51 21 179 27 24 3 46 4 192 11 23 28 148 0 147 18 140 17 107 12 88 
13 13 17 159 11 58 2 22 5 29 3 144 26 80 0 192 24 148 19 66 18 78 6 179 7 148 22 21 29 114 28 50 21 132 16 114 10 96 27 17 14 193 23 175 20 54 8 155 25 140 4 9 12 190 9 196 15 189 1 20 
7 130 6 114 22 161 29 199 23 81 26 123 24 126 8 157 14 163 9 1 19 10 10 63 5 76 28 17 25 83 12 28 3 146 2 198 16 36 18 150 27 33 21 34 4 77 20 9 17 40 1 123 11 154 13 149 0 60 15 108 
16 35 9 200 18 27 4 1 21 2 20 43 3 76 23 1 10 59 24 116 8 53 15 165 2 110 13 60 7 160 14 106 17 184 19 37 12 147 28 181 25 158 5 181 11 127 0 5 26 63 27 155 29 95 6 46 1 115 22 200 
25 178 16 77 20 19 2 198 18 176 27 128 24 46 8 126 4 100 23 100 14 110 0 16 22 18 19 75 12 172 7 123 26 13 13 16 10 11 11 150 15 185 29 111 17 176 28 80 5 104 21 151 1 164 6 26 9 154 3 9 
26 6 3 54 2 160 9 63 21 1 8 100 25 79 13 25 27 35 14 95 18 48 19 185 5 49 20 55 22 73 11 31 7 145 1 172 12 53 6 95 29 196 0 133 28 170 17 148 24 192 15 107 23 106 4 132 16 16 10 113 
27 97 0 188 7 26 2 32 26 172 21 61 13 70 11 92 25 56 17 113 9 44 12 124 28 12 20 119 5 49 24 113 19 125 14 133 4 176 1 127 18 25 29 74 6 20 10 122 16 198 22 164 15 25 23 91 3 16 8 199 
25 51 8 199 21 54 24 165 15 85 10 191 4 183 17 104 0 82 3 84 1 40 29 77 18 61 5 24 13 77 12 190 23 26 26 13 20 113 7 117 2 49 14 125 19 118 22 15 27 155 16 94 6 33 9 197 11 40 28 41 
12 34 17 79 27 55 6 198 22 125 13 93 18 137 10 32 8 58 16 190 7 180 0 108 29 62 15 116 5 124 26 139 20 114 21 171 2 164 1 123 3 31 24 113 14 155 28 197 25 99 19 34 11 11 4 102 9 139 23 33 
29 77 24 179 16 6 17 62 4 200 9 192 28 166 8 50 7 171 10 108 21 83 5 108 18 167 11 187 12 14 3 101 6 119 25 59 13 160 0 138 1 79 26 117 22 145 14 134 2 184 15 158 23 161 19 55 20 159 27 186 
29 20 22 9 21 103 26 151 1 126 23 181 27 18 11 184 8 181 24 140 7 15 10 37 15 157 6 38 0 6 3 95 20 137 4 168 18 7 17 156 13 32 16 50 5 83 2 173 14 168 19 56 9 168 25 199 12 167 28 4 
14 67 2 135 13 160 27 136 28 82 6 43 10 108 18 63 1 200 17 117 22 190 29 24 9 176 4 34 25 87 8 42 19 104 16 132 5 57 21 78 24 128 23 107 7 80 15 140 12 82 3 73 26 168 11 89 0 36 20 102 
23 81 10 169 26 182 3 182 27 152 28 194 6 176 24 125 16 91 11 140 5 48 22 170 14 59 13 129 19 192 7 67 9 11 17 90 8 147 1 105 20 19 18 200 2 80 15 177 12 94 21 147 4 31 29 93 0 143 25 146 
13 160 25 177 20 155 7 71 26 86 0 121 27 187 4 136 12 18 29 164 17 66 5 160 24 106 10 177 3 116 8 79 23 147 9 19 1 35 16 120 18 107 2 146 28 112 15 151 14 178 11 126 22 121 19 24 21 64 6 187 
10 105 16 2 25 93 2 56 15 101 4 84 5 9 27 30 9 19 7 145 11 52 24 104 14 111 13 93 12 24 23 109 21 38 19 70 0 181 22 102 29 56 18 151 17 32 3 30 1 100 26 142 6 196 28 79 20 62 8 97 
28 54 0 188 13 142 23 143 26 193 12 144 21 72 18 171 16 199 6 7 22 88 25 180 24 30 2 97 5 168 20 129 17 136 15 70 10 106 11 41 14 14 1 62 29 67 19 183 4 88 7 178 9 101 8 27 3 19 27 57 
12 21 6 127 9 82 20 13 22 59 18 103 5 126 10 148 24 164 16 89 7 106 17 16 23 119 21 35 4 77 1 177 14 131 2 99 19 198 26 130 15 171 25 61 0 45 28 136 13 184 3 147 29 189 27 91 11 178 8 131 
16 96 19 174 3 87 4 117 27 176 22 118 18 37 0 147 26 54 20 163 21 23 13 134 25 41 10 196 14 38 28 90 12 15 11 61 8 7 29 140 15 161 6 174 23 34 2 25 1 39 9 37 5 14 17 160 7 37 24 15 
14 172 6 21 0 109 22 45 3 76 19 61 18 64 16 90 26 72 9 192 1 83 29 26 12 108 20 59 28 114 2 75 13 83 7 34 8 84 15 43 21 97 11 75 23 121 17 100 24 142 10 79 27 8 5 42 4 32 25 193 
1 66 16 40 20 75 29 185 19 82 21 161 3 188 4 105 27 122 22 162 2 29 0 9 14 23 25 136 6 124 9 15 26 129 15 170 23 130 13 155 12 26 11 66 8 82 17 50 7 113 18 179 24 191 10 125 28 41 5 53 
16 83 19 96 6 111 9 112 24 52 23 81 2 141 11 54 27 159 21 43 1 138 3 40 15 42 7 176 17 105 5 156 25 140 14 121 0 21 26 118 22 24 8 101 12 113 10 4 4 108 18 22 28 160 20 43 13 123 29 41 
27 53 5 77 11 127 22 87 0 146 14 43 6 197 25 114 1 45 29 72 15 20 18 165 4 14 24 131 17 113 7 192 12 61 8 48 2 199 9 121 13 164 21 82 28 177 19 150 20 120 3 164 16 100 10 9 26 40 23 127 
25 176 18 185 3 75 0 132 1 101 28 65 6 138 19 52 5 138 8 47 2 54 26 83 9 193 7 132 27 41 17 159 15 71 23 194 11 169 29 143 16 5 14 156 24 54 10 59 13 14 12 120 22 41 4 12 21 156 20 90 
8 97 0 174 27 32 20 121 2 105 10 77 19 122 17 24 18 110 26 58 14 130 6 147 12 12 15 146 24 111 23 69 1 156 4 7 7 74 25 73 21 125 11 80 28 43 13 6 16 181 22 143 29 150 3 65 9 184 5 40 
12 65 21 36 27 188 9 94 23 197 20 75 2 117 24 194 8 78 3 71 0 138 13 79 11 36 4 117 14 114 29 175 15 50 7 106 17 90 22 165 10 149 1 57 28 130 5 20 19 56 25 74 6 199 26 106 18 111 16 81 
28 47 6 163 4 70 23 7 9 137 25 3 29 35 19 38 5 71 8 41 12 138 24 9 26 164 1 37 3 129 13 163 10 53 15 89 18 149 20 5 0 137 16 171 11 14 22 180 21 84 14 3 27 39 2 76 7 83 17 85 
28 101 2 99 29 53 27 148 0 34 8 182 19 45 15 156 9 144 17 86 24 100 20 108 5 80 6 124 25 179 26 75 23 191 1 121 3 25 16 185 21 115 13 69 14 34 7 21 10 129 12 145 18 77 11 111 4 71 22 152 
0 77 29 15 9 111 21 13 7 180 22 99 17 146 3 179 8 169 5 128 24 95 11 150 16 121 20 142 12 104 10 38 1 188 6 110 26 100 2 15 25 93 13 42 23 34 28 172 15 181 14 167 27 171 19 31 4 171 18 11 
15 142 4 190 16 3 21 109 26 139 24 184 1 92 29 100 17 195 20 154 14 87 27 96 3 32 28 161 12 104 23 3 7 25 10 167 13 112 2 87 11 184 19 105 6 26 5 182 25 152 22 101 0 194 18 14 9 113 8 198 
27 70 6 73 22 9 5 175 16 177 9 138 26 169 1 14 14 158 24 126 29 184 17 139 4 173 28 196 20 111 23 75 10 122 25 64 3 89 13 127 15 39 0 198 11 124 2 55 19 13 8 42 18 72 12 22 21 12 7 130 
14 166 23 33 7 103 22 131 21 41 3 106 11 70 9 110 19 155 18 77 13 48 5 60 29 188 0 131 8 18 17 115 2 195 25 71 26 132 20 200 1 163 10 62 4 173 15 133 24 146 12 62 16 162 6 185 28 113 27 189 
28 86 3 109 1 162 9 95 16 119 7 147 21 23 23 74 17 25 8 74 15 86 10 183 2 167 14 128 29 136 19 145 12 112 25 170 4 153 6 11 22 88 5 49 27 80 13 190 18 108 0 5 24 169 11 54 26 80 20 179 
27 58 4 195 18 6 10 152 1 90 2 181 8 30 5 200 11 145 3 17 22 144 16 122 29 182 7 182 9 61 17 69 25 148 19 81 0 75 28 148 26 78 13 42 14 91 20 138 23 96 6 1 12 189 15 109 24 132 21 104 
13 196 18 123 6 77 17 78 24 37 22 67 15 183 23 185 20 161 25 148 9 40 26 178 27 111 16 17 7 169 10 185 8 6 21 134 0 102 19 155 28 15 1 190 14 129 11 13 5 123 29 173 12 34 2 157 4 76 3 74 
15 53 16 60 6 159 12 102 7 193 24 10 10 24 26 132 14 61 25 185 23 21 29 127 28 157 8 118 22 174 27 64 11 88 17 57 1 66 19 23 9 176 5 167 0 164 18 118 21 106 20 58 2 98 3 54 13 161 4 188 
29 126 20 100 16 126 23 169 10 93 0 120 18 128 5 89 22 138 14 165 13 121 27 54 8 121 26 106 17 150 2 154 12 153 28 142 6 180 1 69 9 15 11 46 4 171 25 186 24 23 19 182 15 18 3 107 21 188 7 126 
17 29 0 36 12 122 11 19 1 169 26 6 9 112 13 167 4 194 10 4 5 5 14 200 16 163 6 33 27 44 2 6 23 32 3 98 29 21 25 140 20 87 19 178 15 22 21 139 22 157 28 124 7 181 8 22 18 186 24 56 
8 134 22 9 17 37 0 14 1 84 9 188 2 131 29 142 21 25 23 196 10 30 7 11 25 191 3 184 11 169 13 130 14 12 19 189 4 67 20 69 26 175 16 105 15 154 18 26 5 69 6 130 27 166 12 89 24 122 28 37 
7 69 24 156 10 127 11 33 29 90 9 55 26 96 4 100 20 99 23 13 17 59 13 19 5 63 3 2 27 128 1 106 18 14 0 87 15 118 2 39 19 143 12 186 21 89 8 53 14 12 22 84 6 200 25 171 28 59 16 128 
5 56 4 79 6 67 9 92 15 2 26 174 19 110 21 153 23 107 22 198 3 118 7 86 16 186 2 148 14 176 0 120 1 12 28 86 8 18 20 114 18 67 29 186 11 61 27 41 17 113 24 24 12 163 10 2 25 82 13 27 
9 185 24 52 12 82 14 154 0 119 17 19 4 53 19 159 6 150 13 88 1 188 29 163 16 179 7 169 5 146 3 160 27 199 23 130 8 175 15 151 26 87 28 137 2 69 11 20 18 150 25 109 21 69 22 47 10 31 20 135 
24 53 28 166 21 22 15 144 20 50 4 97 17 39 9 81 0 77 18 50 29 193 16 45 8 127 25 144 13 50 26 160 5 29 23 30 6 30 11 111 3 198 19 169 27 33 7 148 1 31 14 151 2 86 22 196 10 62 12 109 
21 63 7 65 28 12 20 71 13 39 9 6 14 82 29 121 11 79 16 60 24 111 12 114 19 102 0 132 5 18 17 16 25 50 18 10 27 103 4 35 10 80 23 150 6 98 26 160 15 66 8 10 3 24 1 26 2 74 22 153 
8 63 13 3 9 107 19 162 24 179 20 64 6 121 3 53 26 93 1 11 22 78 27 65 5 160 17 28 4 130 12 103 29 121 18 144 15 194 23 39 11 122 16 80 21 140 28 177 0 37 2 38 14 27 10 102 25 133 7 159 
1 92 11 133 2 131 12 200 15 55 9 142 25 146 22 176 19 181 8 3 26 160 17 24 3 50 18 140 14 193 24 39 7 140 20 121 29 47 5 164 21 192 16 50 4 71 6 118 13 10 10 84 0 113 23 172 28 189 27 44 
18 106 15 49 29 138 11 66 24 106 25 4 16 34 27 160 12 147 13 59 21 146 22 133 26 12 0 128 14 100 10 77 23 80 5 131 4 123 9 42 19 180 7 188 2 181 1 199 6 96 20 92 28 3 8 112 3 135 17 164 
29 128 5 89 12 102 14 150 13 124 25 9 2 123 11 15 18 146 26 99 19 88 24 3 0 9 7 87 8 91 15 2 6 157 20 142 27 135 10 166 22 7 23 37 1 161 3 121 9 40 4 156 21 38 17 195 28 18 16 181 
1 93 29 100 28 177 18 25 26 23 0 130 19 22 5 73 27 78 22 4 21 190 13 194 20 55 15 185 8 156 16 110 3 166 12 6 11 50 6 74 23 101 7 157 4 60 2 39 24 7 17 166 25 81 10 169 14 29 9 77 
25 26 28 127 13 17 0 56 7 5 5 160 11 136 1 131 16 144 18 188 12 64 14 41 27 89 21 66 19 169 24 154 2 115 29 163 17 71 26 192 23 124 22 41 10 52 20 69 3 61 6 148 8 40 9 67 15 135 4 113 
12 172 8 80 15 174 29 73 9 99 17 143 27 113 19 157 20 141 23 173 25 56 3 74 2 4 16 120 13 30 6 182 5 95 26 4 4 8 24 112 21 151 7 149 28 135 1 52 10 2 14 185 22 196 0 140 18 12 11 198 
28 25 24 83 23 53 5 59 1 79 18 16 13 175 26 109 21 23 10 175 22 30 17 165 8 90 16 136 2 56 25 86 7 131 0 4 12 21 19 190 27 32 9 146 15 122 14 15 29 100 11 143 6 38 3 7 20 152 4 147 
1 174 16 81 4 135 8 85 25 173 20 28 29 98 26 171 15 62 14 135 10 58 13 1 12 126 18 143 9 65 3 151 24 31 0 62 2 190 11 81 23 49 7 114 27 20 28 97 21 64 6 179 22 24 5 87 17 136 19 194 
14 24 11 120 8 77 21 7 10 24 22 138 18 109 9 193 19 104 4 149 28 7 12 13 17 166 2 66 20 101 23 114 24 147 16 88 1 122 29 67 6 154 3 41 25 92 27 89 5 196 15 51 13 82 7 51 26 12 0 158 

