90 35
27 187 2 52 15 157 16 151 11 61 34 152 23 134 18 142 26 169 30 132 28 34 14 39 10 50 24 132 32 30 33 10 21 34 25 108 17 95 1 112 13 95 29 135 6 8 12 18 7 105 4 154 8 48 22 64 20 108 0 103 19 126 31 79 3 171 5 68 9 18 
4 53 31 154 8 145 26 55 28 104 19 62 1 18 14 150 15 66 5 52 17 57 21 14 24 80 29 133 13 151 12 130 9 84 18 198 0 13 20 79 23 5 30 17 3 129 6 101 34 129 11 100 2 108 32 88 16 123 27 183 33 49 25 49 22 72 7 115 10 72 
0 70 3 85 18 81 27 51 20 8 11 105 1 60 19 26 12 15 21 76 34 166 30 112 26 192 33 78 25 43 23 84 7 148 10 55 5 147 16 31 13 136 29 162 9 154 31 48 17 22 4 111 2 172 28 78 32 75 8 2 22 115 15 131 6 18 14 86 24 76 
33 192 21 169 3 88 12 18 27 5 29 22 7 83 10 52 23 181 15 13 19 143 20 190 30 126 34 126 13 130 31 110 9 130 0 57 26 192 2 33 24 122 28 190 4 55 5 98 14 67 11 117 18 139 1 72 8 136 25 140 6 188 17 169 22 24 32 53 16 39 
9 142 0 128 8 42 6 85 27 195 3 30 5 102 17 117 19 142 11 133 29 95 33 83 32 169 16 151 20 87 12 127 4 173 13 92 25 35 1 121 7 19 23 41 26 193 14 117 21 71 22 187 34 35 24 129 30 25 31 141 10 198 15 2 28 89 18 147 2 119 
26 192 16 22 32 75 17 54 5 82 10 85 21 185 8 191 20 49 33 6 2 20 4 12 30 19 18 68 1 175 15 163 13 143 7 66 27 177 12 165 29 57 11 58 22 128 34 51 14 37 28 141 0 3 3 171 25 181 23 115 31 61 19 61 6 174 24 159 9 94 
0 15 7 104 22 16 12 52 24 94 18 127 14 64 19 112 5 54 15 29 33 24 23 178 9 183 1 93 27 16 16 12 6 14 34 118 13 119 8 1 25 119 32 176 20 93 31 33 28 173 30 81 3 200 17 87 4 82 10 75 21 169 2 112 29 29 11 53 26 195 
19 71 1 39 4 200 3 159 31 13 34 64 13 183 7 200 17 15 14 180 18 37 21 175 20 11 30 92 0 182 2 28 12 145 11 46 8 62 6 66 28 134 16 105 24 152 10 180 15 162 32 177 23 18 9 164 33 121 22 13 5 73 25 164 26 144 27 45 29 151 
14 58 18 90 20 129 2 43 9 53 11 153 28 183 1 69 10 45 25 133 13 129 31 39 23 61 12 153 29 133 7 179 30 83 22 2 24 185 5 79 26 133 33 101 21 28 27 122 16 79 15 196 32 105 6 57 4 178 3 148 0 18 34 192 19 146 8 90 17 25 
30 24 25 39 3 168 24 2 31 130 16 122 13 181 18 82 2 195 32 42 1 29 5 27 26 42 15 29 0 155 20 180 12 129 22 5 10 76 34 22 27 58 19 67 17 89 9 103 6 164 14 171 11 198 33 167 7 149 23 142 28 153 29 59 4 1 21 139 8 3 
13 68 15 51 25 58 5 173 6 48 17 54 0 97 8 151 19 43 24 154 18 67 33 22 21 159 22 115 1 151 10 150 16 130 2 113 3 133 14 137 12 52 28 2 27 129 29 39 30 99 34 154 32 100 4 8 31 142 9 137 26 186 23 35 20 145 7 168 11 10 
27 4 33 152 28 173 2 116 5 2 20 80 11 82 29 111 21 169 34 142 6 158 8 49 31 161 12 52 10 44 30 172 3 85 4 164 25 184 1 17 14 164 9 63 32 147 23 78 16 15 15 58 7 28 26 93 17 42 19 120 24 133 22 44 13 11 0 3 18 101 
13 43 18 23 26 18 21 193 20 140 6 28 31 182 2 115 14 183 1 124 29 24 7 106 27 113 16 187 33 121 4 79 12 191 19 57 23 56 32 147 30 14 22 16 11 175 25 66 17 188 0 21 5 170 9 102 3 153 10 169 34 7 28 144 15 49 24 134 8 63 
6 77 24 125 10 76 7 94 17 142 11 84 3 151 4 54 9 194 27 16 29 38 34 112 13 80 32 160 0 107 18 116 21 136 23 51 19 135 20 28 26 7 14 15 30 28 28 69 22 140 25 141 31 167 8 59 12 128 15 85 16 73 2 102 1 175 33 185 5 77 
14 92 26 59 20 132 15 141 19 166 32 48 1 190 23 96 27 130 5 148 7 25 6 69 24 170 11 85 17 49 2 190 9 106 4 175 33 19 12 48 29 86 22 48 0 135 18 136 31 23 8 149 16 172 13 166 3 35 10 80 28 39 25 115 30 7 34 198 21 126 
33 189 7 13 27 169 18 169 3 140 25 136 30 119 28 179 2 191 29 4 32 36 16 53 26 24 24 178 4 136 22 82 31 67 20 36 17 120 13 67 23 43 1 41 9 197 5 172 15 170 0 29 11 62 14 128 10 143 8 97 12 73 34 33 6 156 19 147 21 138 
2 88 1 33 19 70 14 186 8 6 24 86 31 65 27 117 34 158 25 115 3 104 11 121 6 188 16 122 30 81 33 11 13 96 20 142 5 166 9 170 15 150 21 199 10 71 28 149 29 101 0 130 7 123 26 141 22 136 32 8 12 40 23 16 18 136 17 97 4 46 
15 98 16 118 30 164 7 98 33 120 14 197 29 11 18 183 10 135 19 73 17 59 0 165 6 113 22 131 8 24 28 51 1 156 34 198 24 40 31 153 23 19 2 60 4 145 27 121 26 182 11 129 9 151 3 181 5 64 32 113 25 198 20 47 21 132 12 121 13 45 
25 172 11 14 8 190 9 193 21 80 2 92 19 147 31 175 7 20 17 89 10 126 34 183 18 20 23 63 6 29 3 57 30 111 15 60 20 112 29 115 28 154 32 125 33 72 1 4 16 86 26 179 27 16 5 4 22 182 4 50 12 67 13 65 0 48 14 4 24 172 
18 110 7 34 29 101 9 55 24 125 23 122 3 76 27 145 12 194 33 32 26 180 1 98 11 126 32 92 8 177 13 173 6 18 22 116 31 19 10 194 30 140 17 12 2 174 25 48 21 12 14 136 28 44 34 27 16 49 0 6 19 147 20 113 5 51 15 89 4 136 
7 79 4 100 18 143 5 172 25 158 13 66 30 158 28 20 10 83 21 99 1 171 32 175 24 130 15 7 9 99 22 139 11 117 12 91 29 65 19 90 17 15 31 37 16 55 33 161 34 154 26 144 23 68 14 38 3 111 6 97 27 93 8 87 2 179 0 187 20 129 
16 76 17 99 29 174 22 161 4 146 26 157 8 103 11 140 33 184 5 114 2 151 18 185 20 58 19 150 3 41 32 18 1 83 25 178 9 198 28 123 23 82 12 142 6 168 14 126 15 41 0 154 21 179 27 199 31 17 10 91 34 195 24 28 7 98 13 88 30 161 
24 108 23 21 29 66 5 11 19 183 12 41 11 51 0 140 6 129 34 17 28 30 3 9 33 56 17 167 14 90 7 138 32 84 22 68 4 144 21 114 25 144 2 127 30 156 9 125 10 61 20 107 27 28 31 70 18 137 15 12 16 36 8 153 13 12 26 186 1 100 
24 116 15 96 27 30 14 20 23 117 25 59 26 52 17 140 3 16 9 185 29 135 0 193 5 194 11 3 4 164 33 42 12 132 10 101 28 73 1 109 8 176 20 181 18 118 30 117 2 174 32 167 7 175 19 184 16 27 34 85 21 103 22 69 6 122 13 64 31 26 
22 78 9 6 12 158 10 19 4 114 24 118 32 126 31 108 14 138 16 66 2 82 6 67 30 15 8 161 13 103 20 29 3 21 5 88 34 192 25 167 11 93 23 138 15 154 33 86 21 187 27 140 7 20 26 56 1 166 29 189 17 102 28 17 18 186 0 118 19 89 
33 151 15 36 6 104 9 27 8 78 1 156 28 26 2 5 16 16 0 137 12 112 4 40 21 158 30 108 34 91 11 156 23 51 25 116 7 174 18 94 19 95 24 86 14 139 32 90 26 176 27 31 29 151 31 26 10 136 20 137 3 176 5 59 13 76 22 128 17 199 
8 150 12 112 11 180 16 101 5 172 0 90 20 192 24 136 22 41 31 100 32 11 7 99 30 68 23 103 17 169 27 61 34 13 29 2 15 187 25 52 4 93 14 151 21 190 33 154 2 93 10 25 18 193 3 3 26 155 9 153 28 102 19 154 6 8 13 57 1 93 
0 148 23 74 30 9 34 97 29 156 1 74 14 143 13 148 19 175 26 24 5 127 2 163 7 110 33 171 15 90 3 100 27 156 20 114 8 133 21 20 9 104 22 51 25 144 6 14 31 5 4 25 28 65 32 167 24 11 12 149 11 21 10 88 18 175 16 132 17 115 
6 196 20 45 9 196 18 135 24 123 2 118 0 53 8 19 31 3 16 15 30 46 10 99 19 135 28 84 22 105 25 41 14 90 13 96 32 197 1 50 5 60 23 74 26 124 7 78 33 170 4 153 21 59 15 198 3 44 34 69 17 22 29 20 27 14 12 149 11 186 
12 13 10 31 4 197 8 77 1 26 22 52 26 37 2 6 24 59 13 21 25 45 6 185 16 124 19 107 0 177 23 112 7 109 14 138 11 54 31 31 20 110 28 16 27 23 5 6 17 23 34 194 32 24 18 129 9 175 29 123 21 93 33 193 3 114 15 68 30 125 
9 188 13 84 15 45 17 87 34 158 27 162 22 13 20 161 26 48 7 192 5 108 29 39 16 97 25 10 21 96 10 199 4 195 23 189 0 84 6 45 1 109 11 167 30 138 31 45 8 10 3 57 33 97 24 69 12 198 18 53 2 5 14 88 28 60 19 20 32 52 
31 185 34 66 30 51 27 177 14 135 7 81 13 159 5 194 28 1 6 134 18 137 26 149 23 123 8 54 29 20 21 46 12 169 15 20 32 121 2 62 16 102 24 162 11 99 22 80 33 193 1 107 17 85 4 92 25 5 19 41 9 11 3 43 0 26 20 14 10 135 
31 50 4 150 0 40 11 44 2 197 27 25 30 45 14 100 10 148 23 70 21 191 5 109 16 185 25 59 8 163 18 74 13 186 33 92 9 163 34 51 7 79 32 61 22 181 26 158 24 76 12 166 6 120 15 157 1 15 20 51 28 145 3 118 19 85 17 198 29 43 
16 173 10 108 12 61 22 181 24 79 33 133 28 130 34 114 19 141 4 11 29 119 25 52 3 178 2 36 5 75 13 20 1 123 31 8 17 197 18 64 23 57 20 30 6 156 7 19 21 100 14 16 30 49 26 141 15 85 0 188 9 12 11 80 32 66 8 16 27 153 
21 17 11 4 13 142 7 17 8 12 30 167 1 170 4 121 20 178 14 188 23 189 26 138 15 63 24 123 22 64 31 110 10 137 34 198 0 11 33 129 12 134 3 198 25 128 17 84 9 86 19 161 5 186 28 11 2 116 18 109 27 143 6 91 29 138 32 173 16 35 
2 166 29 60 16 28 18 14 12 116 34 51 5 178 15 37 24 116 9 110 8 155 23 38 31 170 11 196 21 127 28 70 19 110 22 34 17 65 25 116 20 127 27 174 30 123 14 70 6 13 1 184 0 196 3 22 26 179 13 34 33 151 4 38 7 111 10 28 32 6 
7 145 30 147 25 18 28 170 32 18 2 155 22 89 11 127 27 34 1 157 18 174 26 134 19 112 4 112 3 172 29 44 8 167 6 122 15 155 33 10 13 57 20 137 23 1 0 196 16 105 5 60 9 22 12 7 21 149 31 3 14 42 34 86 24 121 17 128 10 50 
13 167 21 80 30 117 11 162 34 145 8 144 18 121 14 172 27 73 31 183 25 80 3 13 5 56 32 96 19 102 10 16 22 189 0 112 29 172 1 195 24 76 9 122 12 114 17 152 20 104 16 25 2 13 15 86 6 8 28 101 33 95 26 188 4 126 23 21 7 72 
30 14 27 85 7 98 4 200 22 120 16 187 34 34 11 136 1 41 10 4 9 183 33 8 6 3 5 149 20 20 18 185 3 10 21 135 12 15 28 168 26 94 2 152 0 173 15 14 32 168 19 84 24 120 23 82 25 148 14 68 8 15 31 13 13 174 29 45 17 119 
1 100 5 176 4 76 32 98 29 104 11 56 16 101 8 112 30 39 9 55 31 102 24 29 18 84 17 98 3 81 26 35 22 13 14 139 19 138 25 30 23 167 0 173 2 35 33 146 13 145 27 154 15 154 34 35 12 191 28 168 6 180 10 15 21 187 7 123 20 89 
1 19 10 7 33 131 19 14 25 150 21 37 6 27 32 41 23 106 34 106 11 26 31 140 20 156 15 185 29 97 28 41 7 126 17 88 4 117 5 155 16 186 14 110 24 189 3 31 27 58 13 53 26 13 9 5 22 199 18 133 8 34 0 115 12 110 30 41 2 17 
15 133 30 2 18 147 29 196 19 64 22 189 9 59 0 167 2 131 25 166 23 114 8 70 14 76 7 25 21 156 34 114 3 54 10 60 5 75 4 96 6 17 27 174 1 184 31 169 28 133 13 104 12 3 26 23 17 147 16 196 33 63 20 115 24 7 32 104 11 39 
1 46 13 98 33 164 19 193 20 29 30 74 27 60 5 197 17 161 0 192 9 81 12 85 29 140 15 60 16 10 10 187 4 174 24 176 3 64 34 37 14 48 6 187 25 147 7 162 22 55 2 125 31 126 18 178 8 58 21 51 23 112 26 184 28 148 11 184 32 160 
3 101 15 119 7 13 17 20 2 47 26 135 10 141 16 136 0 76 23 65 32 92 24 118 9 169 18 26 1 117 12 150 20 117 34 167 31 176 30 35 28 187 11 8 4 151 25 154 21 89 29 109 6 182 22 14 14 10 13 159 8 111 19 149 27 128 5 162 33 3 
33 75 15 166 27 198 28 126 0 88 11 160 16 148 3 137 22 155 1 179 12 146 34 193 8 73 21 101 2 151 18 171 24 165 7 77 23 60 17 70 30 50 14 200 6 121 26 171 4 141 29 60 20 181 32 18 19 57 31 17 25 128 5 79 10 71 9 73 13 163 
26 70 16 93 10 117 28 9 25 14 9 23 23 5 3 83 15 26 20 76 4 35 17 105 11 168 13 37 0 18 33 192 1 70 34 166 21 146 19 117 14 192 18 165 7 98 5 163 29 168 12 179 24 128 32 109 22 83 6 6 2 77 8 72 31 147 30 178 27 81 
8 144 31 143 17 103 23 100 4 195 21 4 11 32 24 2 1 138 14 25 20 109 28 92 26 175 16 31 13 14 32 172 34 14 5 103 27 82 30 148 12 153 3 107 6 35 7 180 9 176 0 23 10 14 22 37 15 138 19 193 2 185 33 191 29 169 18 89 25 141 
5 132 6 121 7 113 17 4 25 189 18 194 11 80 13 104 9 79 27 92 0 139 21 13 30 140 26 130 22 104 14 143 16 104 20 45 29 6 2 39 12 154 32 122 24 183 34 185 31 104 4 111 33 46 10 161 8 195 3 122 15 65 28 55 19 186 23 161 1 2 
24 170 2 109 5 169 31 141 17 139 16 93 7 156 1 54 11 102 26 143 30 187 34 44 20 113 29 90 12 32 4 23 27 33 15 58 8 99 14 95 19 102 21 77 18 156 6 94 3 83 22 138 9 130 33 64 13 113 28 122 25 200 10 85 32 64 0 188 23 13 
31 54 10 44 27 20 25 145 8 107 15 45 28 110 20 185 17 180 2 1 3 185 30 178 12 100 21 146 22 66 16 125 24 80 34 79 26 99 9 87 11 158 4 2 5 3 19 136 23 1 14 198 7 167 18 16 32 196 1 114 29 71 6 57 33 29 13 48 0 3 
24 3 11 150 33 123 25 190 6 13 14 182 22 184 18 29 21 186 9 125 23 49 3 78 5 99 30 133 16 34 17 167 34 78 8 34 28 187 26 133 32 49 31 135 7 38 12 41 10 154 4 34 27 122 0 164 1 42 20 9 15 6 13 176 29 133 2 153 19 85 
30 87 0 183 2 42 22 92 1 43 32 96 27 97 7 184 34 70 5 62 23 42 15 85 6 176 8 39 16 148 17 69 24 158 14 103 18 122 10 111 12 85 29 14 28 190 4 2 19 195 26 26 33 192 21 132 11 95 25 149 13 118 31 16 9 13 20 20 3 109 
7 185 14 188 22 148 0 111 28 33 8 174 17 33 19 111 23 98 9 151 25 57 29 13 18 181 2 142 5 54 30 68 13 140 31 19 10 146 6 2 34 81 1 144 26 126 32 104 4 6 11 78 12 49 24 25 15 39 16 56 33 45 3 72 21 160 20 8 27 199 
4 24 27 187 14 191 33 21 2 75 13 82 5 151 25 2 19 95 16 21 9 83 15 35 30 122 3 43 34 91 22 49 8 59 20 72 12 20 21 28 1 134 23 191 31 165 17 42 11 67 29 171 6 102 24 135 0 176 28 142 26 27 18 19 32 75 10 63 7 50 
0 62 17 3 12 38 30 145 9 64 29 38 21 191 34 84 10 152 33 186 3 65 32 111 23 131 27 60 19 44 22 50 5 69 31 136 26 23 11 163 1 30 28 196 13 126 18 147 7 99 8 116 20 40 16 179 14 60 6 97 15 91 4 172 25 142 24 65 2 121 
24 164 13 33 3 58 20 112 8 200 18 72 4 57 1 174 0 28 17 7 11 199 12 87 25 2 28 194 6 11 32 132 16 60 21 168 23 61 10 25 29 53 7 51 26 72 5 157 2 2 15 194 9 34 30 170 31 130 14 89 33 15 27 33 19 125 34 96 22 89 
14 146 17 142 28 193 20 166 4 65 27 190 24 13 26 96 31 93 34 186 23 92 18 166 10 46 7 11 5 49 3 108 8 180 25 61 13 36 30 70 16 169 29 160 0 54 2 25 15 181 21 3 1 1 22 143 33 43 12 1 9 155 19 138 32 139 11 175 6 176 
14 33 23 107 19 152 31 73 16 120 29 165 11 80 20 95 3 180 28 78 9 91 25 53 30 172 26 119 8 112 34 194 4 188 15 32 32 29 18 188 13 175 5 96 10 53 0 116 2 158 24 167 7 139 17 99 33 199 21 67 1 145 12 79 27 24 22 12 6 153 
16 107 24 4 3 160 33 106 2 58 5 131 9 189 22 24 1 86 10 125 25 11 28 101 26 96 6 1 11 153 0 49 20 92 15 181 14 172 29 55 34 64 7 61 18 38 4 36 30 144 13 93 32 119 8 131 23 60 17 81 31 70 19 190 12 14 27 72 21 184 
5 66 13 184 2 154 4 76 22 65 29 150 23 71 3 111 0 111 18 68 34 75 27 124 8 126 26 177 7 135 33 120 12 49 21 19 9 192 6 6 20 146 19 5 16 12 14 5 28 35 24 119 11 52 10 100 25 14 31 79 15 13 1 96 17 71 30 183 32 188 
21 168 25 28 29 44 27 137 11 63 20 135 2 37 3 8 18 113 1 3 15 78 33 107 14 37 12 126 10 118 31 117 6 41 4 157 8 85 34 80 17 86 23 124 0 173 9 184 13 85 7 167 22 118 16 130 19 145 24 42 32 61 5 48 28 22 30 189 26 33 
34 36 10 25 23 24 31 71 11 157 27 124 18 45 17 30 12 116 33 9 19 151 22 103 20 55 30 158 28 151 2 92 5 180 7 129 24 37 29 58 13 52 32 108 16 67 3 191 25 195 14 10 15 131 26 127 1 78 9 139 21 66 8 66 4 93 6 135 0 92 
27 92 15 10 10 103 3 13 4 110 20 6 25 129 8 11 11 63 21 105 7 32 17 3 5 72 16 183 28 117 22 12 6 56 0 80 32 105 24 80 9 18 33 91 34 31 18 35 14 160 1 8 19 41 13 87 2 73 12 133 26 47 31 146 29 106 23 98 30 179 
9 138 24 178 11 75 6 143 28 53 12 89 29 81 3 78 25 12 15 16 7 92 27 59 20 66 4 156 30 21 17 29 19 12 0 175 13 149 1 92 22 124 32 145 8 184 23 182 14 192 16 171 10 50 21 174 18 23 2 101 5 33 31 17 33 67 34 45 26 62 
27 145 23 63 6 8 25 116 26 153 0 59 20 184 28 115 22 191 18 68 15 95 21 1 8 36 32 60 11 75 24 89 14 156 12 104 1 91 5 146 31 112 30 68 3 139 17 39 29 139 34 38 4 24 16 7 19 180 9 161 13 82 2 4 7 133 10 90 33 17 
3 143 7 20 4 87 22 178 23 112 16 137 2 45 33 26 28 23 26 6 30 130 17 95 6 54 31 165 15 65 10 152 12 138 1 47 20 176 11 177 32 47 13 60 8 191 14 9 18 196 27 155 9 163 34 171 5 188 24 166 29 21 21 8 19 95 25 112 0 59 
28 193 0 115 5 94 21 110 4 180 20 77 30 102 33 99 7 106 31 56 8 169 27 45 16 12 32 92 11 141 10 136 13 45 15 126 9 94 18 139 23 15 1 196 17 12 26 66 12 137 14 16 6 96 3 31 34 130 25 102 19 68 2 166 22 124 24 86 29 24 
28 197 29 120 17 26 33 185 3 133 31 124 7 41 22 187 0 83 26 192 15 137 13 132 21 120 24 107 11 145 27 112 18 140 16 200 25 2 5 174 9 165 20 96 30 13 23 88 19 46 4 79 32 139 10 185 1 28 34 146 2 28 12 184 6 9 8 182 14 150 
11 66 7 7 9 52 18 194 16 137 8 2 29 186 3 160 13 45 5 115 10 70 2 11 0 30 4 1 30 155 1 66 24 153 27 199 26 98 33 19 22 96 20 39 34 88 19 154 23 36 14 91 32 147 25 190 17 61 15 111 28 95 6 124 12 13 31 63 21 188 
14 27 23 117 21 177 34 181 18 182 30 166 10 73 20 39 19 53 2 88 15 72 6 127 32 166 9 32 17 197 26 131 5 160 12 177 4 67 28 198 16 52 0 144 11 86 29 191 8 162 7 59 24 191 1 132 31 131 3 146 27 20 13 169 25 85 22 6 33 186 
30 40 20 44 34 171 8 99 18 11 15 16 27 93 0 117 16 137 6 91 1 139 28 185 24 33 12 30 31 12 3 33 2 28 11 151 17 166 33 16 5 59 14 120 23 176 25 1 19 104 32 102 10 78 7 12 9 166 26 195 22 76 21 5 29 190 4 56 13 12 
21 160 24 147 29 92 20 137 32 49 28 128 13 111 15 174 12 130 10 125 18 9 5 199 19 132 6 89 34 93 11 32 16 61 33 5 2 194 4 131 8 70 1 121 27 10 14 81 0 43 9 91 22 163 23 188 3 116 25 199 26 135 17 113 31 79 7 188 30 38 
19 117 2 194 26 152 30 34 11 33 15 123 32 158 18 87 17 130 9 10 27 112 21 134 4 166 0 101 31 125 14 168 6 93 20 143 24 164 22 83 10 170 23 16 13 66 34 47 25 136 29 55 5 200 7 73 28 56 12 146 3 29 1 128 33 47 8 187 16 52 
26 84 21 173 13 192 7 109 23 81 31 140 6 94 19 183 17 119 4 35 32 193 25 122 33 90 11 148 9 4 18 46 30 136 24 95 3 191 28 68 12 149 2 140 0 5 14 111 8 119 27 191 34 154 10 152 1 198 20 107 22 105 16 174 15 154 5 26 29 139 
30 139 34 103 25 43 6 45 7 81 17 47 22 6 13 116 1 151 3 103 19 182 10 96 11 11 26 98 16 82 29 66 20 144 14 124 27 61 28 31 18 69 24 65 4 85 0 67 23 156 15 140 5 182 12 50 33 44 9 67 31 36 2 114 8 109 21 30 32 88 
4 188 24 8 27 8 2 112 11 22 13 56 15 29 30 142 22 68 1 51 3 132 28 144 21 167 8 104 12 182 25 9 7 125 29 161 31 170 34 156 18 28 23 17 20 102 26 180 0 24 9 93 17 166 32 196 14 104 16 1 6 192 5 9 19 95 33 168 10 136 
32 140 17 28 22 190 18 194 34 49 25 78 5 191 30 184 33 79 24 180 26 69 0 60 31 168 12 151 11 92 21 12 9 171 16 90 15 52 23 92 1 4 14 200 2 36 6 105 28 77 27 94 8 54 20 190 29 34 7 44 13 191 19 27 10 183 3 180 4 191 
30 149 2 100 28 62 25 15 34 199 22 101 23 30 7 80 8 30 21 61 12 131 17 42 11 139 20 99 27 111 32 56 13 120 14 88 1 141 5 101 26 114 0 8 3 186 31 48 15 117 6 110 18 191 19 147 33 143 9 55 24 143 10 116 29 115 4 179 16 150 
21 59 16 58 3 168 19 114 9 182 33 177 13 52 8 193 1 36 31 31 26 185 34 77 15 200 22 102 0 87 29 89 20 183 25 67 4 50 23 19 27 44 32 87 7 18 6 95 10 111 18 141 11 158 5 54 28 89 12 108 24 64 17 172 30 27 2 70 14 155 
5 50 33 153 15 105 14 89 10 130 30 196 24 44 23 55 17 156 25 195 31 133 11 194 26 143 4 80 19 200 6 154 28 16 29 9 18 158 12 103 9 111 21 13 34 133 3 29 7 100 20 122 27 188 8 67 0 171 22 147 1 199 2 5 32 2 16 72 13 139 
17 32 8 161 14 31 33 14 6 196 23 170 18 148 7 170 16 67 19 196 31 149 11 149 1 104 5 131 0 136 2 135 4 43 9 21 29 102 34 183 15 134 30 10 22 53 13 100 20 181 26 77 25 181 3 28 32 21 24 136 21 73 28 148 12 109 10 152 27 65 
23 150 21 124 33 165 11 189 16 150 34 30 24 179 31 51 14 172 3 20 0 90 4 14 26 197 13 74 29 126 7 163 1 166 8 52 17 70 28 182 5 134 19 179 30 29 12 159 9 91 25 7 2 12 18 106 32 127 10 181 15 139 20 158 6 20 27 160 22 61 
12 7 3 104 21 143 6 162 10 85 1 128 28 158 14 112 23 153 11 106 15 112 25 38 8 142 24 82 2 85 0 196 27 3 13 12 5 138 22 151 4 182 29 138 16 171 17 73 20 190 32 125 18 35 9 45 33 132 30 33 31 87 26 22 19 5 34 194 7 149 
6 121 29 95 16 81 19 76 22 44 14 40 7 11 26 129 15 43 12 58 32 161 9 102 20 16 5 98 33 114 34 132 21 97 2 142 30 5 24 47 3 108 8 30 25 181 13 2 31 100 11 30 1 187 4 118 17 165 18 17 28 102 10 118 27 78 23 163 0 14 
20 10 19 197 32 73 13 104 8 156 21 142 18 93 33 41 15 28 25 178 23 122 9 76 0 65 26 74 30 183 2 55 6 73 27 121 22 69 10 140 1 39 4 18 5 1 3 75 31 71 14 13 7 101 34 43 16 95 24 194 29 14 12 189 11 197 28 106 17 84 
10 178 6 5 25 117 16 40 12 185 5 100 11 200 27 1 20 127 22 44 0 178 28 51 2 24 8 150 33 13 9 139 3 24 17 188 31 3 4 110 32 127 14 169 29 85 21 133 1 6 26 67 13 157 19 25 24 107 30 58 7 99 34 39 23 90 18 161 15 145 
1 152 9 132 26 130 7 100 25 181 27 175 3 51 30 91 22 151 23 134 17 163 20 109 28 164 4 181 31 65 5 185 13 16 15 87 16 126 18 41 19 98 21 96 6 47 12 74 14 94 0 46 10 126 32 59 2 193 33 107 29 197 11 33 8 77 24 42 34 73 
17 5 6 161 32 98 21 132 20 88 24 76 23 60 10 74 31 64 25 146 9 172 28 69 8 45 2 80 18 64 30 162 0 23 26 58 16 107 14 14 15 142 7 44 4 31 34 24 3 77 33 77 11 134 29 171 13 144 27 139 5 10 22 21 1 124 12 107 19 4 
14 68 28 12 24 194 19 24 21 20 25 100 31 52 17 152 34 54 6 20 22 144 29 6 16 162 2 184 0 138 12 150 13 37 10 81 23 33 3 13 1 53 27 17 30 148 18 161 8 152 7 31 4 164 15 158 32 41 26 37 9 36 20 49 33 132 11 2 5 124 
21 146 12 189 16 198 17 76 5 116 24 158 3 151 31 129 18 6 2 22 34 69 0 113 32 137 27 40 1 38 13 196 22 26 8 78 29 127 23 97 28 177 11 39 15 112 7 124 6 24 25 129 14 84 10 152 26 5 20 37 19 156 30 65 33 155 9 123 4 127 

